50.1,7.87760517953845
30.51,3.97835830956148
57.74,6.02823900442945
7.1,6.69243543135157
64.61,5.13051507427791
65.26,6.00381816544304
61.6,8.26466862084872
40.08,11.5052369263542
75.48,5.96491815924759
18.53,5.73095065205852
30.86,2.79865674940309
53.3,6.95517965857257
78.72,3.22516918896836
70.7,5.81566003339689
26.98,9.51848578127188
20.06,2.59193191208039
65.22,4.62334024716979
30.4,10.2852222243439
26.23,8.73349564490808
46.3,8.92541461534934
24.7,5.51535261490035
52.96,7.78412704664651
14.15,6.75480636033985
51.12,4.98023106603483
35.47,5.85708873999925
49.23,7.37025991723878
33.55,4.14256561558765
72.78,5.06985548310889
48.34,9.34244497098086
25.57,7.15952499412155
8.4,6.49103902370093
72.65,8.60493803204095
39.55,3.30143166976501
6.41,2.66084558419014
20.98,3.54763811770257
42.58,5.59211663538896
75,6.53679849486017
60.57,5.85092189974285
34.85,11.6413339568945
14.08,4.91590520756289
27.06,6.68603503524184
12.85,7.74432873103356
57.57,3.86747503775095
43.85,4.91012348301869
74.22,6.24947041339177
15.38,9.59953195669525
33.03,4.17511508290374
48.08,3.35749671285586
64.91,3.24513355571199
5.64,5.29233795188471
54.09,10.3429092270424
25.47,8.31848318741531
57.22,7.40204483751717
30.4,5.7299407502073
76.59,8.56770852415642
82.99,6.69666859014512
28.27,2.46679119083333
78.26,4.63150908624106
23.52,4.51222860700188
52.93,8.96616232585452
22.08,7.57262804160438
27.41,2.21292127405439
2.19,3.61804334700534
25.8,7.75378092311339
25.11,11.0244899159719
42.2,9.32764497648487
32.77,5.94745278017713
42.74,3.10353702881718
34.28,5.59366182880978
16.99,8.41148678218361
45.86,5.82012534140134
39.34,2.94743896399846
46.04,7.76500468215573
69.88,5.8320178017812
31.43,7.98161632376025
56.25,5.49346844972221
75.54,7.03700301200475
18.99,7.55132701048631
37.25,5.85025200558245
79.74,6.73568373287355
35.31,6.71066878202429
1.5,8.05928001751787
59.7,9.55419550020378
10.62,7.59237669708553
75.53,4.2013545624861
27.62,10.4998344509882
64.63,8.50347572524522
47.87,7.84153718278975
19.14,10.6249984773842
1.57,6.41141336508852
26.2,10.4250965384933
20.9,9.57022984221407
81.2,10.2260150821815
13.46,7.44820386299743
24.97,8.08515391289461
12.16,5.37861787565727
32.18,4.61693024734189
46.68,7.9177710257707
88.23,7.70653318160541
76.95,4.18546001443182
44.39,7.84229659309005
87.26,8.98772176727734
13.54,10.4197330891526
25.63,2.80210054486601
59.46,5.91513835618891
47.12,9.90532657879356
91.39,11.1140103337842
60.41,7.9469109735105
83.39,3.35401038272802
57.23,6.56029442814958
71.4,9.27262083579556
3.72,4.4753068129366
49.13,5.26596247054136
22.54,4.29583452676543
49.97,5.81621600975742
28.97,7.16618979474346
14.38,7.85590273063295
46.63,7.27204450173826
28.41,8.50610717879993
30.93,6.89514534871419
56.43,3.19618532243539
26.97,6.93421937276877
34.54,7.16582184255065
36.74,2.82839104057894
25.88,6.1041106618056
46.92,9.04513250085432
35.39,5.11547935518026
29.74,7.92069485050402
45.33,8.21032287525705
52.92,8.77473976722998
58.94,3.46460950110819
41.08,7.12781080260932
60.35,4.92056166255111
51.98,9.26226097199133
29.1,4.7554493364177
26.88,6.44912576694732
70.49,5.29163726519064
31.74,10.9223999628354
14.46,2.78291139401896
9.86,4.24471580628979
8.4,7.38614246895794
35.33,5.21152210340176
37.77,8.03360211262842
40,5.83893769987004
17.76,2.91465236090744
9.17,9.78386802709697
43.63,3.09428950946489
30.07,4.83436471161738
48.78,7.34193373851509
38.2,7.42831273252345
80.82,5.73514993510341
36.62,7.70256124409202
43.03,9.13801418896901
24.54,9.73554865881415
58.05,5.412647332266
46.1,10.4812276793302
46.24,10.4695786753739
79.69,8.47594106163519
45.22,4.80097719950818
23.05,6.1806514902356
42.88,6.59894057827086
42.16,6.15678695312268
6.64,5.93354321105919
57.19,9.46357234013114
2.57,9.36295618630607
59.22,8.19087557177028
32.3,6.37907048022353
63.02,4.00538288019771
45.21,6.44367695655805
85.74,5.4364229980013
57.59,3.39907899003872
56.14,4.16969785281685
61.88,5.1643407265851
67.96,10.462698825265
65.58,8.81423616349162
4.95,6.00323614665988
45.66,9.58740762701969
43.48,3.15784349746438
5.1,5.67480871153733
1.04,2.46394080254349
2.42,8.08652460648598
8.48,4.14483096645144
9.93,8.1283787673679
3.41,8.57170374978319
4.72,2.14676331326467
0.88,6.35701779046907
2.42,10.393131421733
2.26,7.19487056005747
3.72,2.57953593474701
3.03,2.47467180035146
2.11,10.2198744279008
4.72,10.0446764610618
7.58,3.68410306413328
25.41,7.0009956850119
22.66,2.86477711049529
76.01,8.35851898488065
56.87,3.12600985270087
27.08,9.59040964743298
35.29,8.20431286993474
46.82,5.70279332765474
24.29,3.14181489299627
36.42,4.70728199135311
24.14,3.33929498731193
69.5,3.28219279896826
30.11,6.47631140439875
13.94,5.83187730126407
3.28,2.50342146524205
74.01,7.95172789796245
57.1,7.98045227916854
8.27,6.7806875960381
1.13,9.47928855657651
28.52,2.91914004202502
56.28,9.50774100058866
28.37,2.94156008224111
61.46,6.18787746734371
51.8,9.24780405518316
49.02,5.37626626239408
50.97,9.19181465422234
64.19,7.00386377154125
40.48,5.86186715116756
64.34,4.14242644329437
45.13,9.14346119608333
46.72,4.49033452192029
8.04,2.25964727555349
47.86,3.31570726252311
17.78,7.76958658798089
70.04,3.47792848161379
29.91,8.3260055337029
60.89,3.68022888354437
26.2,3.15051486503011
28.24,2.54716031990115
2.51,7.53244872712185
58.68,6.29176688631506
6.65,2.46752504529612
44.32,4.60581403869925
41.84,5.87890600198606
11.26,7.01048959632154
44.79,11.0548199209863
22.8,4.24369328992351
42.18,10.2432148423505
73.04,5.76706952027812
77.39,6.32045592277736
78.35,4.42354022198069
53.29,8.73857331798819
27.3,6.09604936646879
25.43,8.03531652830582
4.97,4.79565710367209
52.5,4.37658903896276
5.12,7.18245779387343
0.75,2.79080308349497
69.28,4.93447991302664
47.45,5.11382141098674
10.11,5.82765802264022
65.35,8.57711484349968
43.95,6.8656444083424
36.14,8.72689660676533
52.75,3.52372352486233
49.78,3.19185285581451
30.81,7.49796947449389
31.37,6.09293316967533
60.98,6.73722114238311
46.34,3.9796777691491
51.19,3.087079396285
34.16,4.45448043344988
37.76,4.93003736958039
79.06,6.92011889912968
49.81,7.66913776313254
49.76,3.69001485779937
41.55,3.58875678224519
34.76,7.8195866844929
31.79,9.00519131116735
3.28,8.28996197283966
20.77,4.6933690516285
19.54,6.97877738438068
23.68,8.32592332970601
73.77,7.57333212376416
53.88,3.37083220659352
67.51,7.1581775299207
13.48,6.81864988949296
25.3,2.88960228181302
25.5,4.2954131297411
61.45,10.1865247434872
21.84,10.0609071943545
14.1,3.88340059118275
1.98,6.57230963540262
26.42,7.23676691305353
56.71,8.60503752679841
53.13,4.78777668664473
2.82,2.65247652514327
21.46,6.43664121299037
41.59,6.73508867929998
49.23,7.76308312032074
38.87,8.14384617179734
41.26,3.32433773178617
55.06,4.18015354279455
16.24,3.63349876208723
53.48,7.19647346648989
20.92,7.40008183305166
46.35,5.36010388069139
7.58,2.69873339478852
43.92,3.39373467574053
45.2,4.49891894251431
14.79,5.18143279006622
12.41,7.70466896116358
8.11,7.01235699121373
51.71,5.1332455957527
42.77,5.07776530585274
34.85,8.16966757715029
75.71,7.43639024910344
14.25,6.13423396960579
45.34,3.57091548906413
26.46,8.30524940913643
54.93,7.57384547117508
38.46,3.11925719623724
37.26,3.19501597817248
83.48,3.13830464017129
6.12,8.02802716827131
32.32,7.94600072866624
22.8,3.81270486933306
31.06,6.73491689309729
15.55,7.75609746547702
33.04,8.01924657405017
64.1,3.03910442023522
48.39,10.0708698394284
36,3.24879233195323
71.93,7.23965018104073
9.88,2.32255510625962
24.12,2.73974723195278
62.68,2.72364509739069
58.93,4.74846577579201
27.4,6.65070032408127
32.74,5.7765149062368
19.62,7.56904706485609
15.71,8.25496325387911
41.18,3.68270097631728
23.9,3.65346333929839
29.98,6.3978892905933
22.88,5.63293635998459
42.17,7.15973582054813
42.91,9.74846870521551
33.19,2.79172852577191
47.37,7.32024778444458
50.1,5.86434031876712
53.72,8.00192391701288
43.27,6.48705519249572
24.89,2.45292075173786
25.38,5.82579760759985
48.84,8.13732642204129
25.31,3.39225529467746
24.01,5.82130711397093
5.81,8.96412399512989
15.4,5.82757327176643
26.72,3.58375843668467
72.32,8.50621096493923
33.86,4.08361088558292
34.98,6.0304808873439
19.16,8.18691760404528
44.03,7.87096936992026
22.15,6.20914699315515
27.86,10.5305647182336
35.12,7.88839086353004
16.55,4.48488534744853
63.74,8.94161024039737
46.24,7.70016708956043
5.58,4.88172725099607
39.92,4.29778183310791
14.25,8.33792507281278
42.28,8.74436497077491
40.77,2.90900517708484
60.91,7.54363885276286
72.12,11.5476164000496
36,5.34251243091726
61.25,5.86234086261079
53.81,2.88024228103461
16.55,2.56065591108081
3.66,5.13781993889199
1.98,3.54513495637557
1.05,4.09635625328544
1.44,3.935091346441
3.13,6.36996228632177
2.28,10.000333408147
4.05,7.77900181231581
2.51,9.43583632653331
1.36,4.53240789486366
25.83,9.48529737662226
77.39,8.20215251735434
18.93,2.59509788811509
73.62,7.15729385722506
77.31,9.08839169395118
29.85,7.11206966065925
36.53,6.73534536791714
9.95,7.35129856886175
52.8,6.55164022736731
49.95,6.61671412907283
76.42,7.46793142109204
59.78,2.78211646523196
32.56,2.89987622922362
21.38,9.59808244107287
86.55,5.35723341453357
4.43,4.10099885805187
34.39,7.05956104782956
30.74,8.93217911573769
30.05,5.94085417432561
11.49,5.28228863271195
52.59,3.46923246609703
28.84,3.19042203357248
34.97,7.63977407837271
16.24,5.91346686016086
81.11,5.10656554449176
32.28,6.82315906673613
31.46,5.41924150868698
69.34,2.52760418628396
42.71,3.14472873711194
44.14,10.5092930167189
26.92,3.04158175823201
61.47,9.2767788324223
25.53,5.47740558003844
50.69,5.75707122886019
33.16,7.25020063408089
69.35,6.20450460858468
58.59,8.84664840335197
27.29,6.01369161052737
15.25,8.58678732755352
4.43,10.7230776027929
50.87,7.45557244972121
64.26,8.30853327271455
75.89,4.41486873388096
32.08,4.77989139825314
42.46,3.05371146782225
75.38,7.75849115910179
17.78,6.47784429095397
27.52,3.16023081658609
11.26,8.59940482188934
48.53,5.78117121505128
31.62,3.29435380556701
60.31,4.97420418688817
39.63,8.04992710076919
79.27,3.58914644679028
70.03,7.85260530732547
55.77,5.84740709541819
30.24,8.47052555636447
10.11,3.18082663629057
42.5,5.28660528396968
46.66,11.3940900022448
56.42,6.02754298962039
22.7,2.86056468251709
51.42,8.19720437833855
4.51,2.52210285466074
31.9,3.4887454701219
60.16,6.95267342845092
90.61,3.11361049151841
0.82,3.81092746276286
18.93,9.75366823383481
48.14,6.5394211326442
34.06,4.86513212853775
9.49,3.92289637256595
7.58,6.80963044801473
47.94,8.51598623723103
33.83,8.20515139232957
35.82,9.22852737186307
51.24,4.78874260899473
67.05,3.26792487965081
47.75,7.01130921232069
64.98,8.00863224065038
75.62,4.86128969987655
49.73,11.6896323092888
50.55,6.7888181337346
56.89,10.3667630997979
53.23,9.89079904925613
55.47,3.36621624368434
18.08,11.0420488680498
24.33,7.66027386693873
6.5,8.71787228769983
22.94,7.72322268719674
17.7,6.03801543929536
22.84,6.04489468987898
26.48,10.4960512016464
36.29,5.55597411906656
59.22,4.59151413043384
70.37,6.08049850614244
54.22,3.0099544063338
74.03,6.69191718599984
77.19,8.925065498473
30.38,7.67151819618181
42.94,5.8453845693406
33.42,3.17591594144051
5.35,4.50967062396881
25.4,9.73582801612662
24.3,8.3931267376807
20,4.64019733922303
5.58,5.55098797609583
73.9,6.10027483680987
13.71,5.64785427596664
51.69,9.77669081534066
37.07,4.80105707175718
6.04,6.85228384369461
28.73,3.07698945238896
51.53,5.21298742245858
55.4,9.34581873373254
22.49,3.37771246298009
49.55,7.0006392230514
24.71,4.02240643638155
1.59,3.32053991734403
57.41,7.2727891818657
36.18,9.92715739914309
1.13,3.13345008039032
13.94,6.02080039585198
45.27,10.1751386983198
57.36,4.23814953688948
16.01,3.31150844594475
40.51,6.80725622307826
29.96,8.08159185345436
51.1,8.03367554743289
54.09,3.91611746352002
57.3,9.3991882646161
10.57,4.71060347873069
54.96,5.95149226287801
43.83,5.49694278890218
22.07,6.5182685847296
2.9,2.25086714693587
32.09,6.14598643528933
48.72,10.1791829894971
24.05,4.99524387903425
53.14,4.39447041072668
54.81,3.54126477409297
47.21,10.7293427902587
43.18,5.43657137710751
0.67,2.30927776041624
30.21,3.64792432569775
93.28,3.27513873119838
62.69,3.15223161521139
47.66,5.43441232268372
54.68,5.54270798531687
72.67,5.81785934209199
51.15,5.19709324996656
36.21,4.49265277164412
10.57,6.74774618245208
29.5,2.74178563369929
30.05,5.07764863947428
44.4,5.62794677781627
40.79,3.41985667002326
50.42,8.48210131503186
33.27,10.0633849194371
75.08,8.41500146360564
37.52,4.5068287362283
20.08,8.69760373761072
45.07,6.693692225584
1.59,4.04810249069519
23.86,10.4151857421569
21.54,2.7354995396191
86.43,9.68763851170861
10.49,7.73057806423337
48,5.40167173051719
5.2,11.6693455075555
46.32,3.80124882578076
62.91,9.16686027976481
78.21,8.13192083771032
27.59,6.4886212761057
51.7,3.91416851819436
35.53,8.4391405276231
42.15,4.99761586981181
42.68,8.35297696789851
43.3,8.45121965272985
45.62,5.71874067000885
12.72,7.104194378858
4.81,5.66770355487679
2.74,3.59510577220374
4.12,2.48367755616514
6.73,4.27634119313333
3.13,6.48417720902593
9.03,6.64750841655399
8.88,2.33586524418904
0.75,2.34367914999545
0.82,4.10115307980473
4.28,6.49857009626993
4.58,8.42457032870507
30.29,8.20837586281692
30.62,11.2950580969971
19.18,2.60048759321332
52.25,10.3717694705888
15.73,2.74302406754702
69.65,3.35426221948627
1.07,2.56016772949183
61.87,3.197303392732
63.8,6.10621555672379
14.27,12.0427901171029
48.59,6.77124496227007
37.76,8.76663770326477
7.21,6.06822442106804
14.19,9.81476305749368
48.69,4.55758941384746
69.25,10.269549609439
70.57,3.40531091391374
12.35,2.93555862421403
25.12,9.71543072855142
3.07,6.85015147565127
71.78,3.4961372474846
36.07,12.3098597278165
62.73,7.25207482958667
52.96,4.37679154165695
50.68,3.07445550868739
43.09,5.68815806664672
13.81,2.54442015883737
27.24,8.73623673355629
45.44,3.39163778223458
5.98,11.8229100634001
40.42,7.71631209710184
60.95,8.68545420391362
2.61,2.39573305170305
68.77,4.13109296166761
35.1,2.91377939400671
11.66,2.32152686522937
72.52,10.0451998419985
27.96,12.7700420514744
55.54,12.5736819276433
30.84,3.12562101424277
10.2,12.6220813748829
50.96,8.24782204107047
9.05,7.95255867191696
61.36,7.86449667693194
69.37,7.84329896754938
47.68,4.11591454029303
62.9,9.78244023570291
44.63,3.14122173012133
59.39,10.8375908758805
72.27,12.3714371483367
25.75,10.6300890656385
25.23,6.9883105963199
43.29,10.3221491191897
8.67,10.5337751503583
30.32,6.75681601785898
54.54,9.25623380560407
38.74,12.5276072188853
8.59,3.60966775572709
55.47,9.75400337087489
23.5,4.20090235582809
30.74,5.35166431952484
57.21,6.44211710380456
39.54,10.5911620708715
6.75,2.33947415947404
66.14,7.75426211514379
66.27,3.2798631036798
60.91,9.28075808888535
44.2,8.93458958670774
57.16,2.92057708550084
57.04,13.0213812135002
58.74,8.44249029324557
36.65,12.5189835076846
29.64,6.46153346167779
30.31,12.8037296072855
50.08,9.8101175751466
53.59,3.02016144866507
29.41,12.6425231573221
49.44,8.43899944381655
2.99,10.1295249329596
82.49,10.1248750387302
55.84,12.4468063690581
46.16,3.56295616856502
12.96,11.9516129513713
74.24,7.42321731976785
44.04,4.3895255059703
65.55,13.2045277617524
3.15,6.142769536587
51.28,7.45107525741035
41.63,12.4874889585088
46.07,11.7370189801468
44.53,8.30971757919229
58.27,5.5862202860438
25.21,9.89246074152745
36.82,8.45893487656578
16.72,7.16864301509353
47.4,5.16040561019434
27.84,5.30961229674592
43.66,8.61793756129615
67.56,7.46110068514025
4.99,5.0266949215924
43.55,3.32597897187666
1.07,2.76263634725299
87.15,4.77774643008976
9.51,8.29376160822989
68.36,12.2126433941268
31.35,4.68501121406044
50.22,11.2560985483984
74.46,12.5935200566636
0.92,4.77467153150206
73.38,10.2841745765686
61.01,3.54253357144699
32.86,4.90267491843881
52.24,9.41054883210994
82.93,6.76227987263848
45.56,7.39180171049036
44.93,10.3115204196217
32.92,2.72036037726724
62.45,12.612945894612
20.87,3.30435306135081
23.61,9.59383750715912
20.18,4.02599338911209
37.25,7.55154441534921
9.74,2.33570480509529
43.76,5.40508698383652
3.45,4.03350845738522
54.56,7.12649047524102
29.27,5.84701143581771
61.46,5.56056343400465
30.15,8.19288763210268
56.07,8.81776522580214
75.65,6.39368596329253
75.01,5.70585637386458
39.04,3.20108297712331
39.98,12.4718915233079
21.56,5.07917981624112
19.02,12.7484075901613
14.42,11.9041970571253
69.72,10.16288789146
18.49,2.96324375730301
24.32,7.01250244141786
44.29,9.08215513403488
44.77,4.14025857786316
5.68,10.8371832658693
43.73,9.62010812212242
6.83,12.8189983346495
74.64,3.28106510189866
33.47,5.53853000554345
46.37,6.7957023032679
28.5,9.17842046868011
3.22,2.64293947458055
11.05,13.0854212033958
46.73,8.49395363979657
64.31,6.58415310582637
2.61,2.80714566942736
29.94,8.30674325280666
69.24,8.20228231353364
73.79,7.26089103957843
43.37,4.60640372000258
59.65,5.90384354975446
15.19,11.3040064199966
34.52,11.4396027720669
41.02,11.1602006936184
68.9,10.1143706163181
39.65,5.99457529669827
43.89,7.04228068918275
33.85,2.75853750705597
43.25,3.60019266850085
60.42,9.056337770627
41.34,6.88619956476144
40.14,13.3639253864951
46.24,5.64635606668349
29.24,12.7783501115827
1.92,5.24714751471483
68.14,5.04871535553988
3.91,6.21984393215371
68.97,3.40836493084598
39.99,7.69178955765877
46.37,10.9702009920128
50.7,5.21108222399802
1.99,9.8796348760689
34.13,3.46012863691787
58.05,5.30901354340168
75.08,3.50172119522989
51.35,13.1416925531333
25.95,3.94585619569266
46.66,12.675660661802
11.51,6.88560007181068
52.18,4.25630812520714
9.97,12.6024153643685
3.99,8.38345646255188
4.14,6.79485729090264
1.92,7.21407440172561
25.27,2.86180934291109
39.89,11.7528201183574
52.19,12.7784293296718
3.55,7.33105776722362
59.19,3.52198677616137
26.64,8.59096684112285
7.92,2.60923471245844
41.58,10.0785115209995
94.22,12.181458255979
64.71,3.48189220870983
3.16,9.53142583494418
31.05,9.25071008235793
43.59,7.01589895571037
30.93,8.39095445335169
82.81,7.39966637659499
25.83,13.010797439832
15.59,6.16852803957857
19.96,12.945405374657
15.28,5.93937736681374
50.73,6.75842300656926
8.53,4.46991538552295
24.25,3.08552515970327
32.14,8.96490548771783
28.46,4.54186033761533
43.68,6.03169562727607
44.44,7.01517938690761
42.65,5.54904138160893
37.62,8.16806330241712
61.22,10.5328198206742
31.98,4.81710689385112
47.22,2.75890438191818
1.25,4.81045322605232
67.95,4.99776236388524
52.32,9.10290300959524
1.17,2.11993905557006
52.56,10.1661649155553
15.36,10.1856235185979
56.45,6.97350708376614
47.52,4.63804869205322
35.18,4.5006293576534
55.02,3.34435453602309
20.42,10.8465069107822
69.91,10.8464429475083
61.97,6.38167358434104
80.76,7.5749426068136
39.3,3.18663997568139
88.52,12.7095024928304
42.67,7.70023668705539
8.38,4.26951920648519
47.06,10.2410198083235
40.71,2.83491578331606
6.62,4.80503870227054
18.51,4.93474773791531
70.98,8.13211780636666
37.74,7.09453803308808
56.28,4.64502143589516
57.31,3.59227748406584
40.21,13.2793586150184
17.05,12.3093474380668
38.07,12.7997480573355
47.88,3.57835724233085
44.18,3.22237877610977
25.69,3.05272935993867
54.57,4.95147210363094
65.83,11.7384063926144
44.1,3.16150409336399
66.76,3.6271193322277
23.05,5.19309538625307
20.81,2.81423788545362
33.18,8.02130236942856
24.81,10.6681166655899
44.41,8.50340975082314
34.27,3.19421087676399
54.01,12.3289138993939
44.75,3.14341101790897
15.44,12.3564841979971
35.87,9.42197704099098
72.67,3.50869532078574
28.29,5.24100569825075
77.87,9.19658529252549
27.56,9.64112108863826
46.2,6.89839128430768
45.37,8.47724229644291
10.53,5.87422582041691
49.63,5.70887403551152
50.41,10.0765262561749
46.73,5.0895775841382
29.52,3.39558113386902
44.77,12.5599261046734
7.61,9.83864651001851
71.79,3.4337188463677
42.48,4.77506840229758
22.97,9.9004764865546
26.14,3.70118438930569
46.99,9.71546368307726
14.67,8.6092880400477
42.65,3.62567549058722
53.44,12.7726348174525
4.32,4.74003526416655
16.97,2.77352725666838
42.03,8.91356856692874
78,9.25905653704214
67.83,8.97078157234041
23.92,6.08599201489086
47.83,8.39912027825068
33.32,2.4821399797464
3.39,9.98109928871422
72.81,13.3324219536475
36.82,4.71635490259606
28.38,8.42275880052324
38.38,7.85506876324947
73.59,7.87913806821272
25.55,11.8948938446992
23.76,11.7449794549602
12.91,12.1527924622058
44.98,10.1042348659104
7.77,2.4961323087489
42.19,11.6798818669304
57.23,5.81035025873222
52.71,11.1374102393927
11.22,7.29535462408815
63.12,3.17307690216722
1.17,3.18791123507871
5.39,10.2465846825081
54.8,10.0914751804056
27.24,4.89636693010244
8.46,10.8409467696902
65.73,12.0129945586645
9.53,4.60629400269232
35.14,6.78704539881647
25.38,2.71530890648766
28.59,7.95132399139971
69.2,7.06462137391972
51.48,5.56239644058993
52.98,12.8837557334163
35.07,13.6964281418296
44.58,8.28932484336642
24.21,8.97566428826749
13.75,5.91567573862214
40.01,5.9560680316672
60.08,6.02459376166491
36.03,10.0226145710879
73.48,3.58477513700592
45.71,8.90475747916587
57.2,12.911644330249
76.45,10.1133035226551
37,7.25951635924459
44.34,11.2732276254467
65.77,6.17186182481537
66.97,12.7344938845855
35.45,13.1553774088481
48.12,10.5044595248968
24.62,7.23233658187192
60.26,12.7950109196004
62.55,6.25349249063532
45.99,9.25833006506793
49.53,2.85588040950745
17.13,8.78867176967137
65.36,13.1179858406637
51.78,9.06825293342034
1.86,10.8557237201624
53.81,5.57243109292161
80.8,6.41542220212668
58.38,5.94694992796024
21.42,6.5068964993381
51.44,5.5191609577859
33.18,9.57524443444101
17.2,9.9786222033402
78.41,4.82175386036982
57.71,7.44923649908592
1.63,1.99991610002481
106.07,7.67559822841028
31.58,6.98862319853572
54,9.30048576615943
94.61,5.39127213435044
33.43,9.11184485721448
65.53,5.42663676894537
45.91,9.06036447535332
51.13,7.94929240835235
7.77,10.2416238929158
66.86,12.606543178767
80.68,5.77585950250797
29.5,8.26771555121216
4.85,11.563278917851
8.38,2.72532956297019
0.71,3.49374086721881
4.47,10.4726547063197
1.4,3.0108599190777
4.7,7.88091163906533
4.24,3.02104967750066
0.94,11.3793322704839
4.24,11.8899966021409
8,11.1033396720673
48.69,3.74383735653243
12.6,3.32636185719411
33.79,8.37527470567084
34.89,8.10812738459316
20.04,5.78096983443579
50.8,5.61173082049083
45.4,5.58791323256175
59.2,12.1279444923812
4.93,12.0431456366308
43.02,3.14279706729008
46.16,4.41572213970655
63.07,11.3229660604728
59.8,9.82933123147594
24.55,8.23944106246192
11.45,11.9803985584454
65.7,5.73025224855154
47.82,11.3143799186878
32.19,2.90691549265254
5.77,3.4240490134425
45.18,7.54047356328742
26.25,6.67204908866952
6.77,12.2173045710433
36.08,10.784609592035
71.37,9.86188076944437
9.61,6.28678387230475
31.63,2.3126596851145
7.15,7.04275887234477
54.88,8.28044286625088
40.18,5.52349063798847
28,12.9518737554764
2.32,2.42720621537942
15.9,8.24010367669003
42.86,6.10740355633328
41.2,4.1059504651234
46.75,9.19416834269829
40.13,13.4574638483673
55.28,10.9856974120313
63.88,7.34231257395578
25.87,11.2462888432254
43.84,9.8022780826738
12.75,8.828256817308
44.57,3.14791031519171
46.09,7.60317660223928
56.51,5.59085576190957
36.75,2.85353474988652
26.39,7.19739139239845
36.64,6.15361229729436
2.24,10.0747356015237
52.23,8.4594671259201
40.89,3.06989347377073
6.62,12.9018010413809
44.62,3.07750203531327
34.17,8.01981584676225
50.52,8.1972889528847
68.58,5.44808638358314
9.15,4.7177654131313
12.37,7.69136647033206
52.69,7.77324745842145
22.34,12.82434775573
48.28,5.58438960681678
78.75,7.45722568806274
31.47,7.28524213618409
49.52,8.27589603010979
34.44,12.5165629083596
35.75,12.4029745278325
63.89,5.21508968013733
38.48,12.1901607993446
23.72,12.7788597144314
1.94,2.58880740548461
10.68,8.20019549294636
73.98,7.25952813332674
7.54,6.43215920257964
4.85,12.7110187973195
32.83,4.91471918245478
25.88,12.9632474088861
69.46,10.9506315453355
48.64,8.52694902235265
57.07,4.62380709293191
46.55,12.8244559088563
50.17,5.95870908252248
58.07,6.40528845622299
47.63,12.0049810300917
59.33,9.33235379014849
48.82,7.56032252723389
59.67,13.3411774096002
25.52,7.51316039002967
95.21,7.88028361562293
43.58,3.43674263628958
43.42,7.4780129037478
63.17,12.2072355923823
53.92,12.5336074823637
82.47,4.75492391361581
75.84,6.59860688373316
59.1,12.4812839315727
46.74,4.69869497577031
37.02,10.87035404177
43.15,13.0650623155673
32.69,5.10410656584982
27.31,6.18598819305197
70.8,6.07090198662709
77.27,7.28991326869021
59.74,3.46928045715102
57.14,12.7117724070862
9.38,8.20373088830652
26.9,11.6830499524705
46.82,5.66127110002174
21.81,7.88151609154559
18.89,12.6063174043494
77.88,7.82961927500767
23.72,8.89836273212446
6.69,11.1199402995742
28.73,3.35611003596743
31.39,6.22925907056486
45.02,8.15724243560931
7.23,9.61054924316729
65.71,5.31299187724325
30.97,5.67155320576598
78.62,3.47978242424311
28.92,8.16275006645575
47.01,7.76681684076986
64.89,10.1066652243583
15.21,6.82988369598847
41.39,6.22502747668117
41.25,3.76548534125682
66.01,13.1981730165666
24.82,6.39065139427792
71.59,12.5034815684807
21.42,11.8705292434148
25.06,7.83067344841992
29.27,9.4711473227399
1.71,7.73712115020019
40.24,8.22906605765479
20.04,3.93430025326076
46.55,9.25570758012008
4.32,6.47834037792393
67.09,11.4425985727181
32.75,3.75416625287656
35.8,12.5962705848473
46.81,3.44412839307311
34.09,7.79280832586373
34.06,7.60715810486544
93.16,11.686183164201
1.55,5.06824344504267
57.5,11.3778045617182
63.59,11.4204308217579
75.31,9.9947427672351
16.51,6.99129807388328
46.54,3.11081818403238
1.55,9.64170679518913
13.14,5.58923610066674
70.23,8.77711751393151
11.45,8.90826879599364
54.14,7.10619420235814
16.74,5.86166233939305
26.12,9.17652839404605
28.15,7.8764196609679
30.5,10.6293003210265
48.81,5.67577372312988
16.59,4.67662283449995
48.39,4.28126094374089
49.48,5.83841918669154
47.63,5.93635971762131
13.14,2.69660448596156
51.16,6.94465862536417
17.05,13.2046149999953
64.05,4.792691878735
0.94,3.39680487050402
28.27,3.05942398565685
20.88,4.44445310464073
4.39,9.00092510769234
42.11,4.55088200536862
25.74,8.08350633139489
32.19,3.3009926811191
40.25,10.0657592680037
38.87,11.3394202847999
49.18,8.67141860764712
59.9,6.52469220468931
24.36,10.1590403753814
48.41,10.786413855777
24.95,7.40821438620271
31.47,3.04093675252638
12.45,10.19262929528
30.69,4.53694761715639
1.09,2.70335446341935
12.98,5.59978966711257
57.19,4.97799255864653
3.78,5.35260503313224
3.85,6.03145524631639
4.39,5.29489140959903
0.79,2.29236712889829
0.86,2.14256476257596
61.29,13.4389735564766
37.12,12.7716149292132
47.56,13.6399366139717
57.17,7.2715568318893
71.89,6.99684173585854
19.83,12.7859788680782
63.7,8.5263047921569
4.26,2.50889466113014
60.74,10.895131962934
46.7,13.3243094072883
68.15,7.49459856343136
72.73,13.6211881420849
45.87,5.75131011734396
16.61,13.0456232607831
56.42,3.74201176510768
69.02,3.43151391518022
83.21,2.84143673808687
49.24,8.58872863878007
56.92,3.83335994128351
49.27,6.48057204366058
49.69,3.60374753412195
9.63,8.58497617941862
70.43,13.7308611880644
26.77,10.4222466463903
42.91,4.94273889893794
64.5,8.94027826249054
79.31,2.8162743036202
7.79,6.81661267180423
65.03,7.68292180495276
33.85,7.13378964460752
9.7,5.42995581118032
32.26,8.91646358557701
91.63,6.64490958039732
36.21,8.63772489821133
51.4,10.8307031907777
1.5,9.78782186976702
30.48,2.84781246633135
21.52,4.71549600142854
22.82,8.22897000289274
2.19,7.87090065812006
46.43,10.6407223347764
86.74,3.28987253042372
17.45,3.22251199164832
75.57,5.75704323931635
2.42,6.92771143682503
69.98,7.68220697520964
6.71,2.56797517330059
47.42,7.24180776501353
28.65,7.7511186265118
14.38,10.1668944576684
38.43,6.46110339326013
56.63,8.41585525565986
24.96,5.69063957126948
52.37,11.7407484539597
59.57,6.83259127281822
50.74,9.49243381046412
31.33,3.1489288097779
26.68,11.1663418546014
11.32,6.82983017330308
39.26,5.93797380948533
57.29,6.18669082847132
31.86,8.36401369177912
57.63,3.14508062438398
16.15,6.51834503535455
26.03,6.05449386700428
67.62,6.50725925261205
28,4.51724530265286
27.17,9.49522135512447
25.61,4.30836333125055
68.72,8.40673288033078
32.01,8.97540340202044
14.08,8.12058258030525
61.62,4.68625818834694
26.01,6.56048990618503
28.3,12.8533479590825
40.95,9.93917929398745
52.54,6.13286392766954
82.71,3.64460053231402
56.7,5.03605961214169
16.07,8.62852190961371
3.41,12.788179698309
68.62,6.87706327682714
57.89,12.1335755396903
6.94,3.34783287088235
58.41,3.86327553536503
65.02,9.8971696430093
57.33,6.05704447332555
72.41,7.46816016207815
43.75,4.66222208471096
67.94,10.12979116335
60.7,12.2627529771431
8.25,7.50679331163528
74.36,4.97552460955228
60.42,6.80158719017165
61.9,5.83881117502351
59.01,9.56170718180181
23.9,7.05875692698036
44.16,3.30890080535688
59.74,13.0818363612558
15.3,6.10915517941092
30.59,7.89347626165595
52.44,5.01121999582659
63.86,9.18664841575821
25.05,11.9651402353217
35.39,10.6075001774611
64.97,9.00803471117026
24.79,6.04485698921774
82.74,4.43616032474481
38.54,9.86620688978566
13.39,6.4630001898405
81.42,6.60621597084597
34.08,5.89944519523845
41.67,6.12747817112959
24.89,4.31190259923828
72.56,8.86660153536253
20.98,8.31289067123351
10.55,9.09564933036366
34.44,3.31053274189172
10.39,5.23610197350656
41.48,13.3062829748113
67.88,6.585453319424
34.72,2.99774089017433
4.87,8.85954615095875
57.67,10.2759437281356
55.73,5.02581352579061
22.9,4.7530420306241
75.47,11.8617879202737
27.49,7.58239120381244
19.6,10.9791871736097
7.1,8.32748684469392
15.07,10.334953125903
8.71,5.79679176896036
46.57,11.8691826863073
58.41,6.60127074766316
37.41,10.509922684849
45.5,7.12783287415855
43.24,9.74657765072144
31.9,4.06077636953471
69.54,7.87366582832453
19.37,4.71196838198304
27.39,12.4395937770178
60.28,8.05522645141918
44.88,5.39445238117277
62.67,3.38676590957823
74.95,6.35215173963009
88.56,6.03211266976283
46.99,5.13928923433754
48.94,6.73851834605326
15.15,4.25361329956958
45.04,10.4802974040329
41.26,5.83155779667085
59.2,13.4252241528289
27.41,11.8038115347791
63.12,11.639625558489
44.33,9.21033739922177
36.7,11.5527782000145
34,9.14209565205427
46.89,9.27856715606103
59.46,6.91549487465391
45.63,8.6642039778208
29.26,7.08064860153153
73.26,9.29468885340201
9.32,2.75450278516689
6.18,4.18616781699482
24.58,5.65207964242986
31.66,8.58680201082529
31.56,10.4457216891792
34.68,12.1023016951015
66.87,4.28337711088477
67.13,6.4650855934195
47.62,5.36545514708115
38.03,11.5792929284655
38.8,8.53505868688472
69.78,7.1494334880414
1.96,2.09871262288986
37.56,6.93306958897464
48.91,7.47749956776143
30.74,3.97651035844107
40.99,4.18279034278748
44.93,8.62813712289174
41.49,10.0626980467851
5.02,4.2878502294607
1.96,10.031128605439
2.57,5.30384396855442
2.11,8.64498360936092
4.49,12.5028232593006
1.19,4.65829170922774
4.49,5.32451493028072
3.26,5.4655764782091
4.18,6.32352182412351
3.11,4.09980603042953
2.8,8.31453144648455
50.5,5.72371903420733
18.85,6.40922732815233
5.35,4.70040468762236
75.61,3.51562091049432
26.52,7.46542600792516
26.17,12.8129474281026
5.12,7.98520848501454
40.51,10.6088252461625
48.53,10.4014438731222
34.49,3.18879685310762
53.96,3.43049952171731
15.63,11.4231187622631
28.98,4.72961676429799
24.62,8.68684380266902
0.67,2.89138561393855
68.86,5.74057772223656
23.89,7.25121178026917
43.15,6.12064763707425
50.87,4.69156132937943
51.1,9.36378713258297
49.23,9.97457045460744
38.27,4.7467276108897
19.16,7.93961964972713
73.77,7.95199459347726
10.49,9.35219944264192
62.22,10.0613109993747
28.51,10.3284563235269
24.12,4.99705893125278
31.66,6.27103414597831
45.19,6.25518893772231
56.3,10.3472544492208
24.2,5.9773051301991
49.74,10.1188425337056
29.84,7.74177888935155
3.36,9.70886563255123
49.53,10.5977213922567
1.52,3.29845911441353
40.84,8.61315876766798
46.73,3.38246818416485
56.87,8.48604730153972
40.24,6.59369702828531
60.59,7.57007995140042
31.85,12.8237994484972
5.2,3.05061575275714
63.46,10.8323864389439
27.05,5.18517904912329
64.47,10.8988097917335
39.66,4.53001611112968
82.72,7.51506017228078
32.55,3.96199390078696
66.81,8.69235770634475
74.63,7.72102091769284
62.79,10.2037913734642
52.12,7.95166620734459
66.78,3.68402348681288
13.71,3.14446847754103
35.07,5.59092807267646
78.96,4.11385832089019
38.42,9.7324248374592
10.41,2.63821482588321
71.88,11.8175444517541
44.76,8.32132305055976
80.1,7.55735840944255
22.99,2.82284401563415
38.37,4.98446494560628
38.82,7.57877824668762
58.41,7.01977225951617
58.68,8.0579950683166
68.68,12.3887221039285
52.44,11.3330624100183
71.43,9.56258040344763
63.52,3.31362054323531
0.59,2.55415558810943
5.2,6.09576996904957
39.77,4.93494351606105
14.17,9.59808257162513
19.77,8.54228496464352
50.97,9.68503560835663
63.82,7.00435566878287
41.85,7.63238421964733
34.41,11.1478938559174
28.34,4.35568069502469
10.03,3.17659001757884
36.61,10.5355312808314
27.35,7.01134863484398
64.07,7.6619565028314
54.91,8.84618441633948
9.42,6.22428958409166
36.75,8.60589891927262
61.06,7.91950592029539
48.97,8.56428821137943
43.24,8.6135501258146
31.85,4.16387281121279
24.91,6.57897596836309
51.76,9.32193836023518
58.51,10.1567825819374
57.01,3.89358249121605
1.75,2.89565174049519
51.96,9.28989524104454
9.65,2.72961774158542
27.76,7.62451242623469
27.3,12.253572152722
50.8,3.30561070980102
7.42,5.24119354020133
24.68,2.94840661987531
46.05,12.6339311136346
56.56,6.92063868566452
54.87,13.1950519044718
2.97,8.36723497122427
74.69,3.38695899933076
0.98,12.2760398627996
31.89,5.44229728771578
57.09,4.92353852985023
17.16,9.63294019356088
21.69,6.27298452152352
1.44,2.46513451040136
8.42,2.93171413320115
35.67,2.91334256390342
38.54,3.6861537218716
4.12,10.9641971512862
81.11,8.13924558358226
71.75,7.66005621863547
30.57,8.44074950083037
39.54,7.90468616869701
46.15,7.60307923492487
44.64,5.6087686901653
19.31,5.03740222963561
69.36,3.32908252730214
33.55,4.11125615220017
76.83,8.63432337141033
33.01,12.0005210313351
44.7,7.20134127184754
16.78,6.22910086996131
20.69,4.40770663462379
22.69,12.1859337542185
45.73,4.00127361375248
63.49,8.94023409646024
43.25,3.33100396928707
56.82,13.2726444895939
41.29,9.42681953956212
30.84,8.44278171529546
29.96,10.8728130828043
60.67,7.80892604535496
14.86,9.59235965365075
60.47,3.68824945201307
21.84,8.65826147776413
39.7,10.6870730472981
16.24,9.69759078475756
46.69,6.987353002995
1.05,8.45601288689389
60.66,3.42591341599634
1.98,2.42939227131501
29.88,3.9329364866046
59.3,8.02220595836632
85.16,2.63845066844146
22.53,6.30690988645591
27.12,10.4346161942911
1.44,10.4512585741981
12.18,10.3001619705589
43.51,5.30143707214182
50.69,4.8667756993924
67.96,13.3046161531566
61.06,5.04005778036589
38.07,11.5537283374279
38.72,7.06823242233868
65.77,13.0503369498671
34.21,7.93259371955765
36.41,3.06549479513084
62.62,3.26026277699345
31.63,13.7620385611716
62.41,8.97946587885033
22.23,9.22999289375977
48.76,8.51413211365597
36.46,8.22862653686529
29.72,4.83937847003118
57.54,10.75385446698
64.44,11.6789822552027
17.47,4.91916521971313
48.4,5.74569250002795
80.19,9.89017189829988
62.77,3.6024236773634
55.46,3.85242850067593
55.74,7.69073634600362
29.23,11.3126908081798
8.34,7.34086490863545
8.73,2.67735687323107
9.57,3.69520153528132
1.98,2.43293500462496
3.51,2.40341457717079
4.74,6.29080482489526
1.28,9.59100404648143
4.43,3.52849582413252
46.32,4.60732677190677
23.61,2.75639414582643
4.05,8.16970082957888
9.72,8.18027958751677
9.11,6.72747210424683
54.59,7.27393460562977
55.53,6.58829870433627
24.01,9.45347455080692
44.73,12.1839745444873
44.82,11.0114238747537
40.38,4.00580683828874
42.56,9.25920097620194
32.99,3.16544378817122
40.18,3.05932084171519
45.79,9.23737982172279
72.42,9.63155255298576
34.49,8.91978784212304
49.99,4.54338187336066
16.01,8.19810111549625
18.7,6.58319350807778
55.95,8.38453422885137
22.3,4.10779830641155
40.88,5.02715062296777
14.4,2.72642035311302
40.52,5.22807080769901
20.31,9.56471120878833
3.89,3.37252223389859
16.55,7.54071091731049
28.5,3.70094707576251
24.02,12.2283772780067
35.49,12.4729682286606
12.33,8.49662608261237
40.99,5.85556354525866
56.54,9.33766428211753
55.01,5.56016459673028
37.82,7.98155822034394
86.01,12.2285979390703
52.28,10.8938865326859
51.29,9.10576656684579
53.23,8.14442381013293
24.98,11.2420463893413
37.31,8.74190181010734
48.22,7.70271850309293
72.45,8.85593798854615
1.67,3.66884033403947
62.89,8.32924123750957
45.3,9.15527995919357
28.74,5.55967648830949
8.27,11.5175723056688
27.11,10.2037120851353
22.07,11.0479551818776
51.37,9.00481652442996
7.12,6.80387599414015
60.66,11.3599761009298
17.7,4.06326115440717
1.44,5.1809473305712
5.5,8.91385620548023
27.33,6.01493206036601
12.48,9.20238384337659
50.63,6.92288038185542
86.02,6.06223378716062
33.3,10.5814485746582
70.7,7.93678701430382
20.23,3.18787387420345
47.27,5.88408422215088
35.83,10.5909750465861
59.69,9.03907422788362
73.33,9.60669376248842
80.17,10.7154391338333
73.81,7.3625150379283
11.33,10.2884236474086
52.99,3.71918737895198
65.05,3.64776961288741
36.5,3.42241412318228
18.85,4.01366960395341
9.42,7.05411829623229
56.76,8.49770812910134
46.82,6.68401439630154
26.75,5.81817968510618
41.57,3.88877568012054
2.13,3.80567807822848
49.41,4.50580221179991
11.64,4.67638649549707
40.68,6.61084629421109
60.82,3.5362709597235
32.03,5.15260745481733
56.84,9.43931782016881
1.52,8.70272786762897
61.77,6.99949492350538
81.18,8.43970111179073
23.45,5.59694495086242
71.9,7.23526370931356
45.77,11.6163840386353
28.96,4.52006237198764
5.81,8.1225670491925
34.49,6.43244878189504
41.83,8.6390725352122
77.68,8.74311618759264
17.24,8.45399016917135
36.39,8.90742130141994
44.72,3.18013355373773
70.08,7.88519740691711
46.51,9.33662754228633
36.58,7.66123937694725
34.47,8.98152317093902
21.08,8.10237576204895
31.19,3.86755150690945
38.31,2.88032268972275
28.68,5.10014633566617
94.39,3.55586572192906
20.92,5.24772651607388
26.99,8.46922490859586
35.65,3.53609289488437
14.86,6.29049847892796
55.11,3.55896131923641
6.65,7.24654491690657
70.82,7.08054289744667
78.22,9.38378312367444
33.24,6.752410137868
7.58,8.734085350694
44.64,6.22344866728096
76.22,6.33168957542107
42.32,9.6146708595208
82.1,5.24139656821685
25.65,5.49085160004253
32.7,4.80234685978302
70.03,6.40759695523786
43.35,10.5763895831058
45.54,3.46203800532041
26.45,4.15003476972343
32.94,6.26519614004507
42.34,9.70347429553285
58.53,4.17455705202387
5.27,4.31242831925413
51.06,11.891894185381
6.19,11.4870173343745
40.7,4.22408289707161
1.52,9.04540234019883
46.41,5.2626083649487
62.73,7.89730889874421
65.18,9.57710940001824
28.06,2.74485899287132
46.04,11.0375184827314
56.91,8.84508102612403
25.38,8.05423695816958
43.91,8.02946184824114
33.16,6.08658384001314
26.98,3.25845455940307
12.64,8.77939155725969
25.53,8.91318221528349
4.58,11.6216871056573
55.81,8.59844929859826
17.01,9.59109789629531
51.79,7.49885764624148
12.95,7.93742655370845
51.57,9.85460850807468
40.89,6.73565789972879
41.3,9.42964217966655
79.86,6.70811501029615
15.94,4.62384087381214
65.68,8.64673083846215
81.71,9.79342466244836
31.24,5.98911867229175
27.18,6.27553587773801
49.53,6.88846896645723
60.4,9.80525650555062
46.01,7.46098472721244
63.37,5.00343385387298
58.86,4.17734802353739
57.29,6.14170714882197
10.64,5.2330379375808
13.1,5.93353899824861
10.49,8.81248894711128
42.82,5.75426889619842
47.79,10.2083354701741
40.25,6.72908306095088
28.64,6.58623823870904
49.13,4.8413612369603
3.2,8.98186880323784
51.83,9.61164691598763
42.13,6.51768482436605
62.48,11.919242163786
68.6,7.2148071865409
38.07,2.76541684495524
2.9,8.84327805657828
3.36,2.53188546471121
0.67,3.52328883260904
4.74,12.4093930594478
3.36,8.33017217347472
4.97,6.59248398768346
4.58,6.45508780604332
2.59,7.99780720808026
16.95,5.63743928032401
57.47,12.4435826835673
24.13,3.22755210378913
63.21,2.73702549017618
49.39,6.99516271320506
51.18,7.31292102694431
26.73,7.49806393919185
4.91,3.08728380038205
27.13,5.0453249780778
55.97,7.28445351156498
43.44,6.88371877966826
8.28,9.6938951984488
25.17,10.2406025206604
37.35,5.92084401872028
42.45,9.12159398046243
49.59,5.19403234694077
66.25,10.0243745569226
53.16,3.24547417945916
76.19,9.66618522306941
36.24,7.81319623300346
57.24,3.33244466148148
54.22,4.06449907851712
61.6,6.88458540718658
14.65,2.37656705738107
0.77,2.35359698973521
57.23,7.2293155230127
53.65,7.15709107496225
48.81,3.4229784601502
36.5,8.28690642031239
2.68,7.84300874039735
28.59,8.80660156328523
47.76,8.32040115522243
52.67,12.7972217601045
49.17,10.4642684489906
40.14,6.9690094971659
57.42,5.73187013143863
29.3,12.4967870964638
58.02,3.53570803975926
0.77,3.66287850968967
52.14,7.37134530467933
56.26,6.86688346804546
40.05,9.73496128611174
35.09,5.33343430515808
32.65,12.7874804426587
63.55,3.83431875459066
88.03,8.9990309823259
80.93,8.69040778418148
28.31,13.4975308960535
13.58,7.54548610797311
47.15,10.4268382353873
11.51,6.32296557825011
39.11,4.08347621922805
10.36,2.26612133141835
27.9,5.1408818365922
28.18,4.81731936155295
4.53,4.17464003591121
62.42,3.72126977961907
44.09,4.44886077618375
9.59,6.29528483700956
46.22,9.01504489435188
47.74,8.7832668434774
49.89,8.42653238617479
12.89,4.67932139782113
0.92,2.11688923009209
27.57,9.94587191435892
46.62,13.3896305087053
48.53,7.64366940373353
13.58,6.17075928277468
70.31,7.42918876638016
39.11,8.87215778067765
26.4,10.0549540072826
49.67,9.68726207061657
2.07,2.40862968166455
69.69,5.11455812104785
53.49,5.8032362995472
35.26,10.7049327340838
65.95,3.426408690564
49.38,7.49952579320943
59.06,5.91839539645943
42.2,6.30994016430267
24.91,2.84996330257815
60.48,13.0003993683473
58.82,9.69211637644498
54.51,6.2252986700449
68.63,4.66134882751651
35.75,11.7660693392039
1.23,12.7100968996698
8.52,2.20281587615656
2.15,3.20421664835107
29.2,4.21073184287778
54.72,9.29847917821134
11.66,5.43014875283373
45.27,3.55296082167565
72.45,8.45081439407874
16.49,7.84415757921848
37.38,8.58501948073171
72.35,10.5998754651598
30.81,11.5357327192016
65.08,6.83215020951079
8.28,4.1506443779644
40.24,5.23368570797083
31.18,13.5733193799356
5.91,6.23413530992592
8.52,6.33227166146175
41.98,7.04975488900044
52.39,3.33258699493857
3.99,9.21329620338344
58.46,6.35661536517192
33.14,2.70085682391725
67.4,2.71410496878226
16.11,9.88983254857253
35.39,12.6528183219582
83.1,10.1246837779266
63.16,8.61870885847545
59.07,3.32363921479889
57.57,8.38495655697047
29.22,13.0689084633404
67.99,8.30563633356391
30.36,9.25464230008647
9.59,8.0513277934578
71.72,2.65267131063159
31.9,6.22776197722155
59.55,6.31438918877953
40.2,8.39564282176999
31.73,3.02504407768841
73.81,10.5656545187021
25.58,8.34964786019284
44.14,8.42552006986334
59.41,6.00949443118888
8.52,2.12951479510712
21.25,3.42747352682469
87.75,6.6404106835844
31.36,10.5641712408741
68.06,11.0143209943346
32.84,3.61155125100118
23.24,6.03554514160266
15.96,4.91287780415891
27.48,11.3364222610259
76.73,6.73641638648147
44.06,6.4741282723657
26.58,5.17948605503118
55.57,11.1226556807337
28.7,6.5082697573675
38.83,11.7336388003511
52.56,6.65993929025264
31.4,8.85419113538922
30.91,5.4873277410124
0.77,3.18079216308106
71.54,7.00207788031389
45.6,4.33880686538977
27.32,7.56076896004863
45.02,5.22246256413712
48.59,4.02745484300996
52.77,3.92784581370567
27.78,7.09101104566104
7.98,2.64348830286386
40.07,3.41526095722741
43.87,10.1584736482819
37.46,8.0947696187251
44.23,3.02642811006193
30.57,3.00054090252865
61.69,5.60575002991239
21.71,2.59812795936863
74.12,10.5390747932445
12.43,10.3806068695231
37.23,4.20884124402688
6.21,8.95529416431321
77.35,3.33941332688382
42.56,9.84754351002998
77.88,5.9322588374349
4.14,7.8570970892072
68.19,8.3789633429394
54.08,3.41408673712742
91.25,8.06138658201118
48.33,6.40874435342517
52.27,8.4723266921975
78.48,11.5783421901693
47.59,10.7625351534898
68.1,9.02714700167555
4.91,7.81518505362248
49.65,5.50710973769101
46.16,8.51456372151908
19.64,4.35443644882372
71.11,6.07213367642899
62.69,9.03669346310724
82.84,5.1015732004992
1.92,5.51632274928658
53.86,3.91223100751365
8.05,3.36766721557631
2.3,4.93879136976766
2.15,2.36801996819088
3.76,8.00243223206877
47.53,6.59569609994084
28.01,12.8042434728541
70.46,9.30332036284024
45.77,7.05121902877484
54.84,6.51363632628475
40.15,13.1426329480256
37.64,7.42269088023852
75.97,8.51713255539381
26.93,8.65952226930122
60.74,7.06184705661315
60.17,9.81065076964997
85.07,11.5416626901031
65.01,5.18458228356075
62.78,3.93422711543714
8.15,8.3286000527362
39.32,3.33655346774918
15.44,7.61437787069787
46.9,6.86870568596625
52.74,5.04829164665286
37.1,7.96982102774888
60.72,5.35084246862442
4.32,8.59238912922832
40.66,10.2445073709554
78.05,6.11686022307227
2.63,5.89541359158777
69.88,5.71173304018518
44.84,5.94563344147753
8.76,6.57839378348314
3.55,7.8591492884618
64.33,12.7048370943422
27.12,5.25007810097232
47.06,5.83043252807625
50.91,6.60661961418115
21.73,5.34817187917159
75.21,11.190327287643
14.82,8.14987153054293
76.74,6.78899246467746
9.07,4.34417129933668
26.41,9.7772061265098
83.6,8.86001907071191
35.91,11.8949019172555
1.4,7.97440410084572
59.33,8.66567989925155
32.1,7.16167207248331
7.46,6.75646512447277
9.84,4.52630076183162
33.6,11.1267534875704
5.77,9.3489847609241
42.32,3.76235319336145
18.74,7.97513780781118
36.3,5.36954722246455
41.11,7.48858885776034
40.64,3.13949840794693
52.65,5.21040818392566
77.95,8.81160532729733
70.03,8.46965195462339
12.75,2.6354774944342
45.28,6.91601899007909
8.38,2.6154134884258
37.06,9.62157024578561
11.76,6.05335232382321
1.25,6.43267649178234
48.23,7.87458045234747
47.48,5.64615663613636
61.96,4.38936741155901
17.28,4.23108739246895
46.51,7.62366057438754
41.49,11.8470981645553
35.68,2.8704494359347
80.29,11.2097115832233
43.77,9.53413741800677
29.42,5.03306313253452
36.11,5.42601087493387
32.59,5.051930296975
26.57,3.00220075333565
47.62,7.35857701860998
53.29,10.0123110088585
51.93,12.6217641081306
25.84,3.15037903685588
56.58,9.96017937081016
54.72,12.3022118408503
45.05,8.33892233985444
35.04,5.06657318888035
13.6,2.57831211992328
70.31,4.69363718456236
58.9,3.34677483118777
54.37,3.04779300191849
23.26,5.7157069347758
81.65,7.69735593444584
15.44,6.26608957506262
27.92,6.08660072822711
75.85,8.8395847280023
39.07,8.94326399887564
44.54,4.97094689896244
49.84,7.13187384842419
63.94,5.08358491843759
27.53,5.84007862133607
30.99,6.95647583667494
2.47,3.37041608667724
27.56,9.46276559304751
24.27,6.18081951911355
36.85,7.68281402584519
54.32,12.7928535005816
17.28,5.02861208289538
56.75,8.69056030539167
56.83,12.1874840144146
12.45,8.99559814025991
87,9.86738340471188
25.6,6.9312879677383
57.96,5.96244750682902
61.49,8.91441295620845
44.75,7.71792898819139
0.94,2.47520572997461
67.97,10.3014282890979
66.64,4.9268945035137
48.65,8.80430223190745
50.88,4.61277432852115
10.68,10.1229767785522
44.89,10.266742452922
52.55,7.39141438753233
31.51,6.37323565971941
41.04,3.29841135429177
36.61,2.97475444173058
36.59,7.24583767920677
12.91,5.4340520217501
20.96,8.50497347833349
57.04,9.0008094491014
3.32,8.08422127608192
58.39,12.4802577110641
37.66,4.7476235118267
40.46,4.16367557564969
23.57,5.10286462255243
64.11,3.47011308807331
27.96,6.51033391830606
33.62,3.22025312979133
0.71,2.32028930030442
11.6,5.47589670892004
31.81,9.46267234325564
18.51,5.79247314432598
49.82,10.2592406902679
59.55,3.44054953819274
10.76,8.09057661270529
45.32,9.99181037274214
34.98,2.9782316789966
31.55,9.10906003096151
42.07,9.06884788527106
32.5,4.93178994191168
40.61,3.37021222257904
55.09,13.5956118500214
42.08,7.61002890549753
40.19,9.38212207540714
32.19,3.14389491283575
73.84,7.53471065671728
14.59,4.11002646778675
24.49,3.10783715086815
77.98,3.55463466864952
75.95,8.45936975752315
30.89,10.3907601402745
53.72,7.3042622021928
47.04,3.1600285567279
23.74,5.84176027872584
52.52,7.9062660827579
63.22,13.6124350832464
31.22,4.26045936295427
45.33,9.99528454073323
52.25,3.04362920129149
17.43,8.03459492444874
79.52,12.5115084260585
18.35,5.35899058527053
47.66,8.35899989144967
37.35,12.1561628729854
54.36,9.99176142647873
14.44,6.92060402750293
31.92,8.32826065755358
39.63,3.2135898514613
33.75,5.24615668176755
22.65,9.22348603106107
81.26,8.6609845288349
46.65,8.08097974238711
10.68,9.45682184252058
5.24,6.99464426222617
9.3,4.9188965170727
7.54,7.3068698493106
4.24,4.00007029620568
3.62,2.2636152777068
4.85,7.2016131295856
5.93,7.14392468116985
1.86,2.57021397026165
1.71,2.63042457004392
2.47,2.49013007150083
1.4,2.7873508748497
4.32,2.01761441074174
59.39,3.10216138852474
40.58,8.32348599441734
14.82,7.63638675444607
44.71,9.50196420397606
8.99,12.1407250428236
74.69,6.65941282771685
30.03,13.3807422869257
29.7,12.7300762457688
14.75,9.77918517617516
49.63,3.49018059173417
42.36,5.89812797532132
48.54,12.2052503399127
29.74,7.6768467405191
46.2,7.14199172293859
8.92,8.704631243408
32.78,5.06565442960477
31.7,9.50775512688577
32.21,4.88642111352502
73.93,7.83244814757895
4.7,5.67841142440782
29.48,3.1109302859723
7.84,8.52392241701181
36.41,3.22023981686341
54.46,8.89215065533702
55.35,6.41579637622335
31.56,6.55743925070065
12.29,2.62241236256179
73.72,3.16005003800445
3.09,4.1375054289714
1.78,11.7283665639706
41.65,9.00685981824473
46.78,7.51973602401203
51.95,4.94509523927148
68,3.480062733335
31.36,5.92636318123921
71.27,10.7188170459628
48.35,3.92834252211036
36.55,4.6574661567501
66.32,9.0023147945132
28.53,8.03834640310359
63.4,2.86860376955058
19.89,10.0950182826896
67.13,10.4505375961094
57.16,9.03144190002913
36.65,10.8839830967301
59.67,7.82728905839942
30.34,8.28902830213314
57.91,9.65813054018705
16.51,9.41621681474781
44.71,8.63581672575215
1.4,8.17647740244744
2.4,2.50548608703415
24.26,7.95338390676293
65.91,3.08594630639501
51.07,3.44226271462847
62.68,10.1794739190332
8.15,3.482181036581
63.62,7.35373961622475
23.11,9.2570356391041
30.99,10.561114650883
56.26,4.90579802075432
27.29,6.2093677036611
38.48,5.79480791609274
45.76,8.77037334846027
3.24,3.36117956964539
52.1,3.15876196322469
29.78,5.1236654789193
84.51,7.29698007065978
38.36,10.5321681246727
58.82,8.74732147987221
27.68,9.11956218678045
51.61,9.82296490824527
33.07,7.44553898150045
74.51,11.403808356717
46.99,10.8118126273391
54.27,8.94811697346135
41.13,10.0971216155975
2.4,3.06808192222854
53.44,7.90104362654757
31.38,3.26761382907574
45.28,13.0993003615534
52.82,10.1319892141301
43.53,4.32964602040308
51.89,6.43240200077075
27.55,9.92076204398084
43.16,11.6684462465235
14.67,6.89797343365333
46.33,9.32874356552188
40.33,7.53456586894662
6.69,7.4890318814759
7.23,3.9052985093815
49.18,13.1672902926875
56.23,9.67076949608826
8.53,6.55174408823192
61.34,5.8648835694468
78.1,7.96674193983022
63.61,3.35533802628797
45.36,5.22748933368322
52.98,9.43834528857891
52.84,10.246448944078
21.19,11.2793339992649
104.02,12.0265926368105
24.16,10.2066512549581
46.44,7.53073454364402
45.5,5.99369962429667
61.66,10.9621423711757
69.92,4.97546949837658
69.94,3.49275357702066
29.59,11.616052307112
12.37,11.7300187051867
29.35,5.07425901877313
35.02,10.8628375591961
52.49,10.6229395938631
27.12,5.0982977316502
36.95,3.29231447299885
64.62,13.0262363544776
28.78,4.8374728237256
62.16,4.1887123392602
35.86,4.66090118913229
44.09,3.35837690682876
25.2,7.44744524287184
53.58,9.49711280540959
44.57,4.41214544451434
5.01,4.32134877896164
48.88,5.1890543611921
47.47,11.4504731257248
50.36,5.71956242986073
20.65,7.84990848581394
59.46,8.79783641975782
23.34,12.1242167087981
57.51,4.39540543370779
35.73,8.96017135394256
40.63,6.16631554022501
44.47,8.62043737078748
8.99,2.79625364716338
64.93,7.25229378041038
47.32,10.833397887203
55.51,8.1046519941554
55.66,7.88581120071893
73.9,6.71965608532787
20.35,12.8025294249725
76,3.88124427934557
48.51,8.41079406732146
88.01,7.75203915840893
55.43,10.9160906480593
60.39,3.54183518556661
72.9,7.64081869670913
29.1,6.01215892119622
56.01,8.2153173743484
46.3,12.7432889813679
32.6,7.80540978557905
63.13,5.77457249219348
18.43,3.28348951721288
20.35,4.50268914676077
25.93,11.1719296716206
51.77,9.53513041931055
72.7,7.49541280320922
48.23,12.7514187258795
35.88,9.65454181880585
51.91,7.17691052453626
65.27,7.66495174455762
6.92,3.06554696929916
9.38,3.48971950304141
18.81,2.86957421384568
42,7.85319441209425
71.76,10.3516736178986
17.59,2.61029851787786
34.98,4.50600644413142
52.42,8.83839972761506
31.8,5.84037340676847
3.01,7.23983085264323
17.2,5.69824699012206
37.47,2.75897424434993
66.07,9.56208505152616
43.76,9.34944637627479
28.03,10.6966683269816
66.38,11.0975960634771
71.76,10.6028418912554
19.58,8.29887573819325
27.93,4.1171660557013
55.37,6.96343786418953
27.4,6.40526462633446
45.19,12.3558802188284
3.39,7.54789618127543
1.78,2.36244200217476
1.25,2.48229060984686
2.32,6.02255253787103
4.08,5.55781266554557
3.32,12.7241929122526
1.09,12.0953942307307
3.16,10.2443235996802
3.55,9.33990773350587
48.21,7.80192389419373
33.03,10.176529830227
17.15,6.54541027710597
43.53,8.32021632126628
35.94,4.2620192942174
46.77,4.56939676561626
31.01,8.38012898993444
63.7,5.06739730341175
19.29,3.28766791705285
49.81,5.43475725816839
0.96,2.45293762454355
39.02,12.114411863566
43.04,3.6735401995395
47.48,6.154854565111
6.87,4.18501678310249
58.62,9.80022326631231
28.8,8.15766567648187
38.36,4.05714833903666
38.53,8.65037065975815
61.64,7.2099596792963
31.7,7.34018323275076
48.74,3.41912341105772
9.09,8.19044372725398
1.8,6.24476934564988
64.79,7.00968108688215
20.52,10.9905174734522
42.76,7.60208600164282
76.75,9.75538998195372
39.01,13.9602535473742
51.23,3.26161658605674
15.38,6.20848982762578
5.02,9.7026198357138
69.56,6.97248230263928
63.95,8.61975590650134
24.96,9.18079535767773
66.6,9.78015851940867
31.8,9.21691522859643
33.88,6.38934534396585
50.02,3.43076129533571
42.85,7.7217611798304
60.46,9.26353621460332
51.82,12.3186336502784
40.82,8.21426479183966
55.02,10.2296065287387
18.14,2.46013605072952
58.2,4.68595665724931
20.83,10.4214178473965
25.52,9.61474649036714
25.02,9.12979045515009
52.02,4.97150898353642
39.04,4.85252107667483
51.25,3.27495342836987
43.79,8.80350218639627
87.99,5.06662221466259
67.04,5.45325698465419
36.46,5.77166057093234
70.63,10.3922218359126
60.07,8.5903940869663
36.74,7.2928269305643
22.59,2.93773696227093
52.62,3.24104155366639
28.75,12.4172614213375
60.19,6.602213934277
37.41,8.15419681373661
39.63,7.17371368390251
33.55,5.25122132891291
59.38,3.45158440036664
11.62,3.75334332392577
35.89,3.87334783723023
67.97,12.831626174798
66.74,7.37543452059886
69.62,9.13780756506505
80.36,8.39692722955475
56.7,7.41346567440984
37.81,5.42047377496853
3.87,10.7658196823253
3.03,2.57511003874579
26.2,7.90817807064349
37.57,7.06587303292927
28.8,4.81641224227285
32.04,6.04093687087446
26.66,4.41240185505734
73.28,9.1155364474506
56.13,8.96469700436583
24.12,8.72245632935079
40.01,6.74609753068255
67.91,8.06552322096481
5.33,8.71818929664604
34.66,5.51927127880741
30.85,7.24242707699105
82.57,5.71441677072693
72.54,4.96637700824883
27.8,2.63962214314375
14.46,7.30061852559241
33.42,8.91960943874565
13.85,6.31362031832042
5.25,6.73912693900304
45.28,3.14741241121946
46.9,3.82693266206598
69.82,9.03501704906206
29.85,3.85438652745517
27.75,7.46948446506098
66.87,3.94912034811361
40.27,5.32324183433536
22.82,9.58075946912031
41.43,11.5808827009205
45.03,11.1250752313187
74.77,11.3196500882399
4.41,10.0142477479332
37.55,7.5002070269334
40.49,5.9976585332633
26.15,6.74714521905249
12.31,9.69908851880044
9.09,2.81447196211476
63.54,8.54318219954228
44.36,9.8723737297704
47.76,7.43482576392256
74.02,4.94133965722118
16.53,5.94098563509011
25.82,7.91508120622973
35.36,13.6108984025307
28.02,9.4280850198486
17.3,7.08705517003572
73.35,11.1835264727421
44.91,5.37568920796994
66.2,7.2667046026698
53.7,5.32779891342666
11.78,10.5776019787673
43.11,5.4496187118238
27.1,9.27481867784086
11.78,2.65664501043495
58.68,12.6886695953148
58.29,12.9317861898855
59.5,9.21409651592342
24.42,7.54131954885708
9.93,6.3469648969888
38.19,6.06853956699032
50.32,6.08313374313936
28.23,6.25493559112182
64.2,12.6064570975278
5.64,9.14454725090548
53,7.25175365176198
27.32,9.27882686028029
40.06,11.976409015047
55.64,5.43282540806557
35.36,5.01499295321667
41.07,5.89428733197219
86.3,11.3931352151417
27.03,6.28928365794968
54.86,12.1538991804827
46.74,3.18570866480166
38.16,12.5396825029159
78.49,6.94854921914651
26.22,7.76276143477287
43.4,7.46189884296799
10.01,12.2823667834152
36.09,7.98933456354507
79.42,6.80516328884684
70.75,6.55653009114606
78.28,4.7595322175259
37.88,8.48798867498845
20.75,4.9051413202286
0.96,2.25142740224559
5.87,7.17086332461247
31.59,8.14335854662699
32.97,5.2694887310143
44.77,12.1738844551267
75.36,7.99864619285894
61.2,7.37677701045672
48.17,3.26005771490931
15.15,3.17417459524624
34.93,5.80860247874975
42.54,6.56105342893943
46.45,8.95317646854214
28.37,12.3685445423445
70.5,7.60690969529994
55.67,4.44611006374721
2.88,2.60930451223383
12.16,4.34039495789725
61.5,3.46073852584244
4.03,11.5228105344
3.41,2.33499947545282
3.03,2.9431460257911
7.1,10.6176487952872
6.41,7.83367164979007
3.26,2.60717645662656
0.88,2.32368567983849
0.88,4.53341878854931
1.8,2.556577539411
4.18,10.3014486443445
1.34,2.39544817759982
1.04,2.54021119366331
13.87,3.31950245564733
49.82,7.06835050275988
20.62,11.2532636746979
42.45,8.1566720203922
28.56,2.89566213485875
18.39,3.11257242238248
50.56,12.0581244753488
11.49,7.53248556040299
48.82,11.3739613578385
9.57,7.6281553160194
24.97,8.3008032232343
69.66,10.4284971498192
56.69,10.5734234676353
71.46,8.60691701301411
72.57,4.25940344626757
31.98,8.92518316847206
17.7,11.5270013988784
64.99,6.59194195886421
58.58,3.38118352511627
57.8,10.4954296771151
25.98,2.75624229553206
77.15,5.46542507342493
45.08,4.12392583589549
73.44,7.89163154506373
41.19,14.4516162052268
32.8,9.35230673730697
44.49,7.53302563934308
53.28,5.42867236428992
41.44,8.50238639901136
66.51,3.52870305984239
59.07,9.87326487676169
14.1,2.41186359265148
25.63,5.4012534823128
51.33,2.7794005804329
11.18,8.05008399418968
35.76,6.91988798497298
62.2,3.97292845438917
13.94,11.5777268255232
22.38,3.1439041914499
50.04,9.6523296324694
57.41,10.3930547767931
9.42,6.395689097259
46.33,13.8977077560351
69.17,5.0322068574742
70.74,3.6401857036942
64.74,9.68303494336063
52.88,3.05305550050949
41.54,4.1338762753582
32.36,3.90140457033416
44.16,6.82042732252679
8.5,5.78562732406369
47.69,6.68355695910954
73.64,3.16295023899475
55.81,11.9043313462944
62.27,5.79466247508729
41.02,5.70670169654251
27.98,9.87854936395504
2.59,7.17264796366952
64.3,8.63732266154583
38.48,8.24779282187107
4.81,12.4433677918017
60.66,3.41607622424335
25.71,10.2350881265898
29.07,8.48212704461898
20.69,10.2736767077245
48.5,11.890509746615
4.97,6.8639273427183
68.84,5.72185576927302
8.42,10.6766643974663
5.66,4.60679783143191
12.95,7.43088912841035
70.76,4.31436104117354
4.28,10.0601232293964
62.97,3.42713680049662
1.52,1.40594683633819
58.22,5.54816221017173
59.32,5.80974877077953
26.59,12.4667410694028
44.01,6.41205113861146
45.68,2.64059374297023
46.98,3.08467829812634
74.2,3.49251793420936
37.02,8.07533955867927
49.72,8.61640393457571
27.18,3.7390099477652
45.37,9.0516367077281
33.33,3.13487536159345
32.96,8.71223007161402
27.96,9.56330618038903
31.44,9.28686092266198
54.96,4.61983433965406
1.44,2.52092281681963
29.97,11.6182868216423
39.25,14.8829150432839
43.66,4.22273629175942
80.69,6.74284553054955
54.51,6.59062575683103
51.27,8.62885403631045
26.27,12.2519506844361
5.66,4.74541377019013
66.59,6.75917935392779
54.65,9.12071159130731
75.88,8.72819585673116
48.15,3.1982678586376
37.6,13.28887628578
77.03,12.728433361596
56.75,3.3015704079672
55.99,11.6347058089307
7.19,2.155096849831
44.12,2.93660651207856
64.31,8.17915970149033
40.83,6.52619085893052
0.9,2.10781253142779
22.61,13.1235955628336
46.52,8.82980034572989
38.09,5.55393421274335
78.55,3.03404806973405
24.22,10.0197910014674
17.78,12.5249259463822
52.81,10.615621527554
35.01,7.49551947612875
22.99,7.47721215910488
66.82,14.6518739245893
61.7,3.07658549478222
43.48,12.5816447882253
12.64,7.66829504679345
27,8.93962720626272
14.25,6.87005948840405
54.8,14.8656147512247
74.39,3.23493226770391
58.73,7.88833006772439
43.31,3.30218238716048
49.71,10.5365515475742
54.37,3.30300618380594
41.62,7.84979824389401
4.43,6.6843110120879
33.04,10.9591841913328
33.23,5.69869645675612
51.73,6.27452728701092
43.32,7.4170571122079
24.07,7.83184927729884
2.05,10.0544579843601
63.75,13.5880014971132
35.18,7.14610849514976
83.91,14.8556216611929
30.78,11.7334851688402
3.82,10.2096611419574
81.69,5.37688976270608
15.4,10.1671149683243
77.78,4.15796678123996
56.15,8.64158666733426
62.37,6.54933199866223
34.7,6.74576037538738
28.89,4.35355380462565
19.62,5.74042790587807
44.32,5.6209238440792
30.59,10.5744002710818
72.91,10.6779651728389
34.98,13.6910687616058
50.77,3.72101648085959
53.21,6.49374802514792
83.83,9.85204466038558
15.17,8.06952680214919
30.03,7.76399683663685
31.68,8.48025996726804
34.06,8.17178544796173
1.9,2.17637811019879
70.91,4.73579783959443
68.85,10.6515616848227
12.1,5.12851676984014
25.33,9.81017632602327
54.64,8.97267977875386
69,12.8799963674031
57.14,9.05704388535494
18.7,9.69360144623459
58.81,9.45681526142504
29.13,3.10663101991354
34.19,8.72009252660268
24.29,6.40097460427778
45.36,12.3636563860215
18.7,12.7950588944237
8.19,13.8091312795963
4.12,2.59888462496957
64.04,9.31143512254079
3.36,8.55073393628467
8.34,5.85841797589783
3.43,2.97763990764788
1.82,2.81113196219263
1.67,2.38606490914585
7.5,7.16971773051551
7.88,8.08037283402076
1.21,10.0819892340573
58.17,13.1439014025261
1.28,2.21270118484816
41.33,15.1011695855203
45.5,5.45317886885915
35.03,13.9988908418939
43.08,10.2691098667894
82.95,3.36599452857965
2.74,4.40903968507942
6.19,5.66513846976027
45.57,8.91240350917979
4.89,6.87035324360886
58.39,8.68816070541755
20.92,10.5755154740069
34.22,10.2839155332531
56.41,5.09986266206038
60.02,3.52940235087871
14.94,9.00763112236211
14.33,6.17104871075641
24.22,14.4983298123357
51.24,8.04932096292793
67.8,9.26564896415892
61.77,9.16990035888668
5.5,8.02223573838186
25.04,7.71056923537961
55.74,5.75342788520845
2.59,3.57159644175415
42.94,7.07883448341374
46.1,14.8350256264207
42.3,11.7032710315408
6.58,3.01708755897534
43.83,10.2840039709445
20,13.4212635059154
4.66,8.08220817803088
21.54,8.96240996605773
6.58,6.0871888579875
1.75,3.21328960093617
98.43,4.63578475922449
52.78,12.4332392334587
61.96,7.81848383528977
46.02,2.53721171917488
1.36,3.84760766030277
16.4,11.4877166663472
21.23,9.16438750542656
3.59,9.5482329794766
64.97,6.85907094661726
53.37,3.51889310343235
2.05,6.44608167067289
13.48,5.0353486069296
79.26,4.67929678043121
61.52,8.47975463242986
20.54,13.8191516936992
67.54,15.1906995077411
45.21,10.7962861735633
94.76,15.1818144942345
52.23,12.9016565190184
14.48,8.62149548120287
52.52,9.14388686649921
22.07,6.76169553997857
59.66,10.2940395133388
39.32,10.6217195156188
65.33,10.0110475832697
51.19,11.0130929728926
29.25,5.60518298163118
34.64,14.8505578554849
59.43,10.4483645590937
1.52,9.48188056442448
32.09,5.70474317811594
52.28,4.05555517353585
30.85,7.68629838912806
6.88,10.9092495589426
11.33,4.69380073325125
39.62,5.36898797022617
12.33,13.5151219899918
58.53,7.37353400750727
22.46,2.87608050023313
25.79,6.72922463039954
3.05,6.78045111822769
14.48,13.6141446429177
58.97,8.77738787933758
50.51,9.54094190941995
46.03,14.2448510124296
49.83,12.718526169894
61.72,3.23621618488115
66.7,4.72100865660037
55.08,10.2197667227684
40.12,5.11560626365858
58.71,14.6484490885956
15.94,7.46729499446296
10.03,4.48520579735764
52.89,10.6505349916209
26.19,3.15478114443621
30.61,6.78274512055137
47.04,8.07541215147134
38.52,7.52711145721048
21.46,12.734977577606
52.94,7.06944732074733
33.67,5.24202587401275
36.94,10.5924445262139
28.75,6.59493145491853
7.88,7.05193768536483
64.25,9.48764976508786
6.27,4.85712819266219
67.81,8.04650791031222
1.98,2.55143889132593
25.96,11.1288459335024
50.79,6.49731347011689
40.45,6.56705129355156
31.86,5.6742271466057
1.9,2.76249662788706
58.23,4.74357037146965
24.22,11.4691363400171
48.24,13.6168981793194
21.92,7.638382547752
69.18,7.92639360845696
71.95,5.22204607440433
73.83,10.5019434281174
30.45,5.38360682133753
38.15,8.18247889526676
29.09,13.8813908281352
45.53,4.51388601599401
45.11,3.98316817562485
59.95,10.4953264633445
7.12,8.6255191245953
9.34,3.28873808428999
24.54,9.24300704414311
14.79,5.07753044154624
74.68,3.5485057065943
54.61,8.42670133976069
62.78,7.74497851917659
73.44,14.7454020038847
52.68,8.57830625352699
9.34,5.94596445696375
40.52,5.41557739039152
36.62,12.0644536592643
12.56,8.512172508697
67.62,8.08656584146102
52.53,9.91000398899551
65.12,10.0912072254588
48.95,4.07725824880337
16.32,8.78635589262065
15.94,4.90247173792075
56.04,13.621909545863
21.08,5.6069248015022
38.6,11.3454825567537
64.4,9.68484385262739
24.88,6.72869174213654
51.08,8.58218924365249
13.48,3.09818188287615
32.56,8.12125581689179
9.03,7.83510627874055
51.87,13.0247108494493
12.48,2.52275038153782
70.62,10.4265313111942
32.94,3.66256790025702
64.72,6.7390496287231
30.48,9.16159339714931
37.65,3.17162899877085
36.12,14.2288637276646
60.42,9.37955853522317
51.24,8.20675044051292
44.7,5.29117385874158
41.27,7.47113799673635
78.74,7.71023152769606
47.96,7.96236793699206
24.92,5.76950864594564
12.48,14.4276649409709
64.38,4.28613975460817
0.67,1.87144626739036
34.59,8.77887850697313
59.65,14.8000326358408
16.86,13.7841224120274
47.38,4.51207507543635
13.94,13.7535142896623
63.09,7.7396737105797
49.25,5.13563758884889
38.06,6.08828716777909
72.69,8.03120052725101
64.99,10.208325098498
22.38,3.95922985613937
17.47,13.9188473912049
65.11,7.71094731749347
13.02,14.2810345015041
75.95,10.6346610587502
45.37,3.19346687597786
35.32,10.5240133691701
53.44,14.9047668288425
42.99,7.27627220420382
72.62,14.0994165893517
16.32,2.63652827255943
2.13,3.10300856428592
3.28,11.7872940722553
1.21,2.5896809037443
64.59,3.26539222313723
29.06,6.2158010881126
38.1,9.70267177737594
52.07,10.2325531321396
6.14,4.41802871462477
33.1,7.27855736349176
47.98,12.5094877319763
55.75,14.6516156559165
54.38,6.94040846933787
56.12,4.59642144013339
37.92,14.3177367113398
37.22,11.3545601220576
31.64,14.5406090126267
45.41,10.7569195335634
51.72,6.91085895029041
31.86,3.3988253323124
25.66,9.56575109800348
37.83,6.56641317031749
80.23,6.46809774430125
47.82,13.2878893384684
34.07,8.56410193371383
74.94,9.28526643730277
52.8,5.64516150794862
72.07,8.70504986124171
21.48,11.2309436351774
51.92,10.292065466117
67.02,5.04141189356985
13.73,6.33886765792505
11.2,5.3136826786497
27.65,12.158380926989
60.09,11.700650334624
45.54,5.27114598483579
33.39,5.68121824140952
7.82,8.69830879601589
15.88,2.70016316697706
27.08,6.07204036887368
49.23,3.2622162200261
6.44,7.68049341982984
27.25,9.71073148875652
53.77,12.7594856202099
64.94,13.6950650226958
41.33,14.5221767117394
75.04,7.60341635233203
46.52,3.01279893922071
38.14,7.71786440237455
13.19,12.410165086662
44.29,14.5615000314602
25.61,7.9068214052658
85.09,14.2415026098514
32.93,14.4158143931015
50.89,9.0693679510116
19.87,3.06330963679681
49.07,3.33679071609476
78.19,7.27774913255984
41.42,14.2458193698674
18.03,7.15044272244737
19.33,5.7631187866917
51.54,6.15240932783484
28.16,7.0967811422581
4.53,6.30818175683049
14.35,9.52897129144758
70.67,10.411943808716
65.2,12.2375463883988
3.3,9.13080738303004
22.25,11.9512390658573
11.66,10.4930787988946
46.33,13.7690600786988
46.72,9.77988928862636
18.18,14.5551654319459
37.65,7.93582649727631
10.2,7.7313371049697
26.13,8.87822190423031
48.29,14.633311343353
16.8,8.76997279837657
49.91,14.0063904726373
33.4,5.79227179533579
51.56,7.12709169331139
77.17,9.07847709556248
46.46,13.0801056274632
43.51,12.2377877483812
44.79,8.00887445682209
30.12,10.4705452565385
64.2,14.7718110968046
47.38,4.91970014604696
60.05,9.79771141907455
34.99,14.7460977601492
26.2,7.53586531950141
71.71,15.1999933771992
46.28,5.36423542791813
71.66,10.868143853555
43.94,9.7097889715316
53.93,12.847335782198
76.9,7.1960644236221
8.82,2.47442525469477
31.15,14.6672990767458
76.82,9.46526761424525
32.86,14.3442815127741
43.08,5.29724947294447
48.62,8.68686938333171
36.02,7.07538526495656
43.78,14.6246963653716
68.95,11.5016106735654
34.31,11.8050228176891
16.88,12.5360610396479
55.09,3.04214778994058
46.46,7.20779568839762
82.4,9.14211874809334
25.92,9.68129188203526
32.8,14.8291850637872
44.09,14.5026130796299
27.88,6.96685067193132
5.6,2.32178404566159
29.01,14.3604687885826
37.36,5.44362606972733
44.13,8.39543673211557
45.79,7.07835843387315
50.15,8.32982067700376
73.79,8.9388893189354
42.41,10.665543546241
30.99,4.34784525687744
56.19,4.79552429916933
47.29,14.6640905992179
43.59,5.7985544371991
41.37,15.1834665725196
48.63,12.938251961529
10.89,8.423072928635
47.15,11.1110729028568
56.85,11.7735502244944
45.17,14.4695509498789
66.86,10.1344207212714
66.19,3.46655531663474
3.38,9.54703157387874
72.03,9.49371537033375
24.01,12.7781015465408
34.36,3.86321287464381
22.4,3.07316174563408
11.66,12.5202047939857
80.98,8.60482484248079
24.01,2.61326642268153
39.14,4.92037192178264
42.41,5.67229649703299
66.77,9.39790146559572
79.06,9.83799341028291
7.21,10.3704124469253
35,8.4857113824758
12.58,6.06242582970373
65.09,6.28969027723251
43.46,7.00389750712329
40.37,4.15234797862688
29.93,8.098046716946
25.58,11.023797050027
41.94,11.4643585678114
49.35,3.03685659082668
73.83,4.78108965371238
31.02,13.9916966359014
39.52,8.16700963298855
1.46,2.56396189892028
21.71,8.91224351742033
14.96,3.1806323199695
55.18,10.8519076439504
21.56,13.7332897256346
25.26,8.69799794999942
34.3,9.88338402677654
65.04,14.8539761438999
70.9,10.9840030011663
65.45,15.1755782764069
26.65,5.82046382272258
22.71,6.33187305826023
28.25,7.6419629030307
6.98,5.54407214049713
44.51,7.6262684691067
85.63,11.1743733827344
62.66,8.12664911901668
62.98,11.4237399737566
84.33,5.43710498996141
0.54,2.2374644459841
5.91,6.52359988339796
6.44,13.6701689927055
1.46,4.76244263747838
3.99,12.5020370805722
7.06,14.3853714327145
7.75,10.3583147821687
1.46,2.21490506815783
2.92,9.03913694096248
1.07,2.00578287943924
4.91,9.4543569336181
1.76,11.9286846443321
1.46,3.64113138648376
4.22,2.57214011030989
3.84,7.0557021107855
4.76,4.66564280776613
0.92,2.23066121853301
49.45,10.2507988709107
69.05,10.561475292235
39.78,9.99099383763225
37.06,8.11406301265767
5.16,7.1861889435428
53.67,9.99351625089608
27.08,6.87514578399783
14.98,11.8711912763852
52.55,9.40169891165696
67.78,14.4866131619057
68.86,14.2273883312295
31.88,4.33170747410853
30.13,9.41629580844193
25.63,5.8677792220251
61.42,3.77584605626339
8.69,13.5193638663119
28.28,3.87234000314253
64.74,9.97996444291668
56,8.3337080797712
7.46,7.36220263991387
40.26,10.4478255686789
83.87,13.2220465068934
11.22,6.66806800268772
29.81,9.68919638578307
82.8,11.9469228562791
56.15,3.19813454222185
56.67,11.679983756567
45.29,8.61434368042739
52.84,7.0870761573577
5.62,12.2417707893345
40.62,5.69584415396794
13.14,7.88142482783176
33.69,9.01659440382555
72.09,8.79456472149975
33.26,4.45882707355689
4.78,8.33919145406698
1.02,13.6988039888391
8.92,8.59410810763001
37.38,10.2820131873507
47.87,7.01754670518415
44.97,12.9706316016946
2.47,8.57759423941097
52.53,13.2874720854544
38.78,15.01819765384
26.86,13.173041958003
55.26,10.8923997621964
48.02,13.4521114931665
70.12,13.0960962972849
50.59,9.1916642251396
27.84,5.73300606553455
41.93,8.62296328037783
45.3,14.905609448294
9.07,5.30255091949768
48.75,6.29348573892071
49.64,8.60887608729279
77.28,13.6654703934002
62.5,10.5027583680431
38.08,8.48872787398167
50.34,13.5683892906169
2.17,14.0567651771293
39.81,8.57928475058236
35.75,14.2283610170086
54.69,3.92412899055004
22.96,7.17149342241296
5.7,14.1754380620161
24.78,12.9596205974698
45.09,15.005675795354
6.08,9.34870662118976
41.64,7.5163971088906
73.38,14.6542611502149
54.28,11.3005578028967
7.23,8.93817379225622
35.41,6.46918368714596
8.92,13.0181420062953
76.06,6.26243955448524
7.15,10.0261541092503
11.37,13.7111313678415
41.08,6.50325220848171
27.7,12.1620124939376
48.46,7.69461096531965
55.58,11.6407262121088
52.09,7.81711743404944
33.29,7.46041954771735
55.95,6.50954760844652
56.1,11.8112424065873
76.72,11.8343091312979
78.02,9.89744772412004
58.52,14.7776582656927
47.52,13.4080808120034
28.69,8.37370311466376
48.69,6.82025307233116
10.76,2.58106857170824
62.75,8.26462282734262
81.88,9.94144183208852
57.73,13.7056756485649
51.03,6.79205593712208
55.29,12.3105350861531
85.2,6.52562478960006
52.73,4.55596779003729
45.8,9.47711094555853
57.96,9.08289670232779
30.52,5.23417399316303
29.87,5.40651012963046
84.96,8.94707327788119
74.7,4.65494788135752
46.73,3.24871195210587
30.53,9.24238164224456
42.65,6.37102252342867
65.51,11.0678555135506
64.27,11.5045455772117
62.19,8.8141948229072
21.27,2.84041150586852
51.71,12.1490832359922
60.99,11.5791909934851
66.62,3.44836728735509
83.08,14.5757526742878
51.08,12.1616016538616
57,5.47054196217112
23.34,7.12474720528751
26.49,7.27754060506149
42.75,12.4325994735355
66.49,14.6627109782843
24.72,7.02613568034309
14.21,11.6143268987333
52.29,10.9627003523042
38.43,4.85885160138418
48.81,12.768427706091
66.96,8.1861759424782
41.3,5.64042344748569
46.15,3.18222907371124
12.83,12.0453645266272
2.55,2.4963084211506
58.31,12.8000813470082
36.4,8.33450047647966
20.04,8.25743592687062
43.47,9.26101040831172
28.31,7.09054673344674
17.28,2.97726935896288
44.76,5.68084459676458
78.17,6.26331517204789
45.79,3.6574352236903
63.87,7.3542902900678
59.06,15.176982378242
30.84,4.92568935582874
61.48,6.33488764079243
52.76,8.97757361440869
40.57,6.34533833852533
23.03,9.12466956145248
34.67,2.56462580723007
55.8,8.7480901533262
21.65,8.2130410291797
44.68,6.28103879940168
49.65,14.6560442825087
51.97,14.5029419556332
41.99,8.90130430407788
43.18,8.54723600089381
46.31,12.3455591952866
43.64,13.0673908168581
60.17,4.83776538603349
51.85,10.1561019335009
51.6,3.74893188403507
62.03,9.48616009592427
52.02,13.1886672563349
38.95,3.34237213059924
36.3,8.44692758753353
35.53,3.35911976359779
56.32,14.5130596190717
29.19,8.88706774610691
74.4,6.16142553751629
0.56,3.65748917394685
31.81,7.27419333933966
33.87,11.215418939499
48.02,14.7541153284625
35.79,5.33451267430596
26.28,8.56522284407563
59.94,3.50850056382786
74.32,14.2175583689093
40.04,7.3090470554246
69.69,7.01375747671591
25.69,11.4578020681053
47.22,5.55232218338346
2.78,2.06927158950742
4.85,10.3603304617178
2.78,8.9357936069422
3.24,8.57193168869315
4.93,6.13254946419205
2.32,2.16042976744334
2.93,2.47668660184371
3.78,1.76593783984178
2.93,3.55845338414615
0.79,2.78512316218653
4.93,3.08985156015883
62.66,7.48320535835648
65.33,12.048963929284
51.94,8.20002972795528
65.59,9.24490915942089
13.75,8.78885455283658
67,4.52533561226077
31.67,4.4782367881304
33.21,12.6920977046506
46.9,6.42295423775325
29.5,5.60233936852146
44.05,9.952757718284
55.26,10.3843474347851
4.01,2.62568269939791
5.85,10.2574584742247
39.47,7.9699720618638
44.33,10.0429261441278
45.76,3.44709790444908
65.57,5.72383955599904
43.81,11.7558144734814
63.75,3.86889145728942
64.93,9.85534156866978
9.38,6.11558547508259
56.65,7.3522394657915
24.9,7.40524711400372
60.97,6.22669647518289
71.98,6.88434587354271
38.64,7.6680830356505
2.32,9.71352991658055
50.07,9.91560227018514
46.19,7.54353244278786
40.84,13.9490197063795
52.14,9.6611948381206
7.46,14.6548453463625
25.54,5.88119136754847
28.98,11.2577615592756
58.39,7.33705884518524
56.38,7.0100517995496
41.51,6.16167177402673
47,6.50355318805178
55.74,9.56420030312551
64.89,10.1372743568446
30.92,9.74093701792189
71.11,10.1498964512044
40.65,7.160829070025
78.25,12.9787515805538
41.54,9.14042773913547
52.58,14.4081971779466
30.58,3.01426132729394
43.63,8.52452890281474
38.27,9.03853000422121
75.66,9.33846074198791
40.48,9.30383304995866
61.25,9.6396461318233
67.39,11.7803120901443
44.81,10.7824009094583
3.93,14.447721982446
7.61,14.1569566936547
41.15,13.0275829169774
53.41,3.24158173347628
31.91,2.87324949859352
36.11,7.35974599904461
48.73,10.610166703554
3.93,6.80313077512543
27.41,2.09696106490856
42.2,9.22636674047909
51.55,7.49371372868033
6.08,2.5343618268349
82.5,3.24995214474288
32.18,12.4683361104683
54.83,7.63971743265204
57.27,9.91322727179911
68.2,7.32427729722523
28.47,6.19747829125618
19.73,10.5414799037077
26.94,15.1553595119337
46.53,10.5181803189566
12.52,2.70446877241914
21.27,10.7686376100877
1.78,13.5873613020799
51.72,7.58426636888081
15.21,11.8241987128933
57.38,8.90004793392559
61.58,4.7837740273885
87.43,13.7484755222146
30.75,12.2251940684746
1.55,3.90404854125749
67.41,9.30504109662304
60.55,3.45979182305768
62.52,5.38165743716723
31.35,13.5163943463093
41.5,5.15221732924875
51.34,5.37182434446398
36.4,5.13844992240984
22.8,9.30519716079494
25.25,8.782111893436
39.88,14.2315028079837
60.88,12.2070943082392
58.11,6.25470239346146
45.63,9.16630274790951
12.83,9.62645702511386
78.98,5.39886978361387
58.9,11.7393374376906
33.12,5.0363367980116
52.96,6.11658168080388
81.56,11.5479485271579
47.63,9.34648327716904
38.1,10.6545309525738
37.13,6.11513391645608
18.51,14.7455313781694
15.75,9.99912136755641
46.81,5.39580971732386
38.89,12.9980087884359
46.31,11.3311218186262
13.9,4.45767026555148
48.63,3.61108532047699
14.44,11.7560890171788
43.46,12.8350690853472
49.77,8.51437262734915
25.43,6.69687534177989
30.95,10.0668239299915
47.65,6.67953826090585
45.24,8.17293626756513
45.97,14.265936249943
53.44,14.5668765666231
29.28,2.74779998307574
28.46,13.7106079587752
89.32,11.7534636981164
13.83,8.04257737856615
37.54,10.0646719363394
14.75,8.63347181258014
17.36,10.6499873924967
37.44,7.48817959072742
59.87,11.4650944405362
27.01,10.3721029305314
4.32,7.28994184595399
55.78,9.147169671369
16.59,8.31659701467281
6.77,11.0895940005099
9.53,8.7792635016243
36.6,4.03326719344908
65.12,14.1476849670777
3.55,6.25193551843975
46.79,15.015006452722
61.22,5.22876036623467
9.3,6.06749310001735
30.97,3.16857496689044
13.21,2.43865862115042
23.72,6.95202534873782
47.51,7.8042195432307
59.94,10.9186315585803
40.37,9.46995637212154
55.64,10.9802861222166
33.65,15.1460943203448
14.98,5.82066575555851
38.6,4.69244557558138
47.24,10.2651659146898
2.09,12.6141556707855
57.05,9.84403953914885
15.52,11.1137684799621
7.61,10.2392266659807
26.33,11.6905168533648
44.97,11.527277659191
54.32,6.63253789239087
19.58,11.6275602898768
38.58,8.59819344130091
42.67,11.2995746256087
33.64,14.7503193847573
42.8,3.91833357319096
66.14,12.4117152197973
56.78,9.23127831864146
46.72,10.3364533104491
52.23,9.34459139591922
7.23,7.99674342819907
59.06,14.4886109762766
28.97,10.9393482539323
58.14,15.0000924797196
58.36,13.9680500252045
60.21,2.63024086079175
14.21,13.5986338805898
54.63,7.91766827978019
87.98,13.9870154321275
36.59,7.82489907245409
76.52,10.5733125960614
1.09,10.1519394733869
1.09,13.5498396650322
6.46,5.11629131350814
4.47,12.3372109563474
1.25,2.13721367695923
1.02,1.7147558146895
2.7,12.0688184830238
4.85,8.89525073934328
2.47,1.97090104945104
33.81,4.72408155288815
49.94,11.7524728937627
58.25,13.3592637851804
30.42,4.2282596137518
68.51,14.1396757078557
53.82,7.69580732013807
71.02,5.06947602351456
58.66,11.275482467613
55.4,4.72397417132699
21.36,8.85128902494888
52.66,2.66331386206795
50.16,12.5454984867775
52.53,9.50502627068678
83.84,14.7987141555502
44.01,3.20807058630429
6.48,2.64747305423807
69.12,7.59274266880311
84.4,8.79157097647991
52.89,8.93725422564197
49.85,13.8818765333822
47.75,9.47699789594247
51.56,13.9790932072978
26.22,5.70272800714879
10.24,10.0909985757477
46.22,9.76099801504774
20.29,7.54081798013176
77.58,11.258183461859
27.06,4.62088514460986
79.81,8.36497865391012
56.83,7.9776083089813
13.62,8.15110130569748
64.7,5.69469897121733
26.97,12.4000734860597
59.32,4.31546458682299
56.84,15.237567991835
10.85,11.7026951687454
78.33,9.23777305810641
42.06,7.83747689593163
37.22,10.7992258641007
35.53,10.936013297043
47.21,14.8129097685213
38.71,5.15687706609616
38.14,3.16070494838714
68.09,7.05901632825781
58.63,11.9850239768452
35.36,3.21818038448824
30.43,4.43070107114067
22.82,8.82494241358672
63.22,11.5192670079852
21.06,5.37798748790734
42.57,9.66821225740091
64.01,12.8639780092182
71.31,3.83784163376545
84.29,3.67716236754859
69.6,7.79832368497367
47.41,4.55478474941815
58.7,10.651574531719
59.7,6.32851651306689
34.64,9.02108136705034
57.88,6.35491083540152
58.84,10.725196294394
57.26,7.67361015137163
12.31,11.7669410175315
22.05,7.40006954302153
32.48,13.570740557052
56.75,10.8520096601213
4.56,8.16669547648202
58.89,12.4595719816762
42.24,14.6031140767918
54.19,10.2733557404619
5.87,8.44491356144064
53.81,3.55008037104111
29.54,13.6063360378479
34.96,7.45326897306846
44.77,4.64288241446065
46,9.77380529470594
27.19,13.860866966085
29.42,13.8465853529658
57.79,13.3348828981087
65.05,3.16572473029136
52.76,5.94575083451653
61.06,5.13338513867265
14.46,5.6827249321188
15.84,10.6936745240485
89.48,9.4746751652129
47.83,6.71684001639224
28.33,8.40405879666251
50.6,6.5894839411155
63.74,7.54670929042837
48.02,12.8083348946442
7.48,4.66896165447857
58.13,14.3231468754058
57.09,7.70837084627884
49.12,10.6113657584222
70.26,10.611616271569
2.26,3.22780149963191
59.56,3.85323968921096
39.82,8.14969283562126
81.44,12.1364284813564
75.86,5.21644229057887
49.18,12.3165087320323
67.8,6.19557969796056
33.66,13.8659317559048
43.61,9.3010883154848
56.14,7.11982048884385
38.8,4.08370858258099
54.25,4.6233624301607
37.47,3.96372454237958
30.27,11.6209392045856
26.96,14.3629636461152
10.93,12.1426364306572
24.43,7.50140382257421
29.06,6.28680081854869
50.47,12.3738875843169
47.52,11.8376954966366
53.8,10.2669540710433
25.66,11.4898504786917
15.53,8.21281686445143
77.17,7.0598931736944
59.99,11.8270810673342
56.54,14.1002097038046
47.3,11.4677900972979
73.82,5.74926232657566
57.47,9.03423709776298
66.69,9.05338705206804
27.01,7.86092261259147
54.35,10.8732168532186
2.03,4.43568674658117
51.11,6.97975239348628
57,5.52266692340784
57.48,5.63216165390262
45.43,12.4214732186602
28.87,14.6051731453508
67.86,11.4285055132809
55.93,7.319602134458
7.17,6.7989781704341
73.96,13.597142007659
10.62,11.1406482015908
2.11,11.1148213068434
39.76,8.88503772701574
17.45,10.8037771870731
45.29,7.40609563347307
30.46,3.06585405521541
61.81,11.7857584058172
61.73,14.4226237725286
41.67,13.6631073755549
34.49,3.16986020511083
66.78,8.55898216849318
78.19,11.0393947182274
18.3,4.18803303463037
66.72,3.51596455090021
32.57,8.82409106068304
55.09,8.96702133994067
5.18,11.710861250585
64.08,14.2701675149937
55.14,3.16117880784896
56.61,8.9160848724272
61.05,6.3346770965413
12.01,11.7054381075388
16.84,5.52615887510083
27.63,7.9876892894922
22.36,7.29136901757206
50.27,14.7299021226499
5.02,12.0575755316591
2.03,3.82416969685014
57.06,5.63483815751029
78.37,15.2087633694996
16.38,8.56777233334066
40.07,7.21287083570617
43.62,3.28863122843319
44.6,10.1373438877376
37.75,3.27812740616661
69.28,9.63226671955455
11.55,14.8331070647457
54.11,8.60226786155097
9.32,7.25611346026136
9.01,5.59743528110621
2.49,8.41355688413874
2.95,11.1222764671872
2.57,2.3211656881352
7.17,10.292179110483
9.01,4.70759331970728
2.19,3.21042268496082
4.56,11.1241817354715
7.25,6.24901323087287
4.26,9.78329677104166
1.5,2.46286206926975
3.72,10.7775462246141
1.96,4.03428939914222
1.57,2.68230697880189
1.11,7.22199950026003
1.96,8.96262184922729
31.28,9.31708733202864
44.48,14.3669735260088
54.08,6.94440760314618
75.55,11.8031525258353
70.17,5.20513230276258
10.34,6.98192111956847
24.22,7.4591603380229
51.21,8.88090644217225
49.85,9.17905185132335
26.34,7.30070237707994
59.19,6.64934077264475
54.48,11.1758131556442
57.53,7.4211590740952
54.51,3.3816653356753
50.5,11.5107108111741
29.87,7.83041781975189
42.25,8.40357195640994
71.68,8.41162935549683
29.86,6.68367709557515
59.16,6.03140452308133
75.82,5.70380222354964
22.23,5.73177948084552
42.24,6.42116067651665
85.48,7.46636467912155
9.72,13.9011240739602
51.86,3.12532493323031
39.16,7.33080000507208
87.59,9.31266067692604
66.83,6.1898012939765
66.21,9.19801182184772
25.91,7.49319406102304
9.95,8.41562355878667
72.03,12.3956715284393
29.75,8.03859677355708
74.01,7.20467247111043
39.75,11.1551956958538
1.9,14.6398949478676
1.98,13.4290465797193
34.27,8.52508342010893
48.14,10.7198725648486
47.74,13.1904840762983
48.6,9.37993362925193
32.64,5.14646291587223
51.92,15.167066448728
5.5,2.36611953423786
56.66,8.94892885948228
72.33,11.8707059429358
52.7,3.24728471025462
37.8,10.2809321928955
43.67,9.28795321143183
51.9,3.37247630450838
53.98,3.42594713521548
43.82,2.9345150866966
55.83,6.58603084453796
74.59,7.19241620359483
52.85,4.67564616675184
12.41,9.10388798387327
52.11,5.14778023506838
51.48,4.74738044169562
83.42,3.20080189716385
41.48,5.41464769040493
78.1,7.65679053108062
65.81,10.5296638267826
74.15,9.19213043338949
38.08,3.80854135295209
15.17,10.9660204571282
58.27,3.91082001228779
77.21,7.40666202119546
42.27,11.9968025702789
36.82,6.87357555016805
8.73,3.27866541564153
16.63,10.0560367230232
54.84,10.1337488312546
61.45,8.88038742168294
51.58,7.56569630522751
42.29,4.76661735524209
63.93,10.811898290159
70.48,5.255907964238
45.76,12.6783230683097
38.7,8.26674337956283
47.87,7.17452193770316
34.56,9.73574681132215
32.52,7.47878304577604
3.51,6.11766511185463
27.53,12.2655179114521
84.02,11.0555080863244
47.75,2.68571134363847
41.88,9.85378011772897
84.81,11.3370840122262
41.24,8.03313302889565
14.4,10.5757965501999
48.45,10.6051540815514
58.49,9.77733084869243
44.07,8.70390280390749
28.54,7.78896637093616
34.98,8.82682232572527
64.46,14.7155900002425
14.86,3.51147992059532
48.23,4.70322177711287
47.02,9.80236791495206
40.51,3.09823483815524
63.02,5.61351891254182
55.94,14.7038118845703
29.23,7.9923194822221
20.77,11.9848491563191
2.74,8.16774025687202
30.31,9.79786861404665
68.73,9.67602481036093
7.04,8.70281756941266
69.18,6.322420033987
35.96,10.2845762504104
62.76,7.19143557105011
29.35,10.2922750334019
35.38,7.71108640191883
26.71,12.8599869733686
37.21,10.3518457142554
59.18,11.3117848224561
50.15,4.11761967146527
44.54,9.26930804799677
59.5,9.22176608932371
34.06,6.60424809912577
56.24,3.35633482802502
33.56,7.63788678304903
42.56,5.5588659536182
32.59,13.0596386001049
1.59,2.53900359162813
51.95,8.04883789373729
42.11,10.6230688255976
51.82,11.3177248641276
22.69,8.10746809033733
41.99,12.4660150712204
42.57,7.31441551099968
20.46,6.11484241106836
36.76,13.4876433941496
67.68,8.76974836281778
28.7,6.83940916852375
42.33,10.5181370196359
50.76,3.55123896225319
1.52,9.43534936808161
40.65,8.55286488705338
8.04,7.82600429274507
14.94,12.9077363665701
44.27,11.7497907730739
2.51,4.39457311471094
51.01,3.03728670506824
50.96,6.94651006922751
59.34,15.1645477349251
55.64,12.153652853656
38.84,11.2318805781421
75.51,10.7339404033157
11.72,3.60344615175266
40.2,14.2885148127384
67.74,10.7237305699342
72.87,5.16634787343916
58.31,11.3774808260748
54.24,6.58906163297954
67.93,14.9456828748694
7.65,10.5936889122945
86.52,5.30409920560131
38.95,5.45961928216727
6.19,4.84269048893152
42.83,7.63072891330021
34.88,10.4804596711416
65.69,9.77138059846068
23.92,11.3694907881625
28.23,13.050913124187
65.74,9.04914626501791
15.94,11.8231441903376
41.71,9.88626292245384
52.87,12.9350540297101
8.34,4.36223337044195
46.67,8.15561769830412
51.6,14.8028532907035
1.36,2.53265557901926
56.48,11.5940702039216
32.52,4.13803700798934
22.23,8.90025417896459
29.06,3.72862728477055
30.67,6.80232370813329
73.49,14.6267894361547
3.74,2.23175395336255
64.16,12.6631581890489
3.28,10.1152322124501
3.28,8.72356105876552
7.5,11.2018363219404
8.8,4.56245168993565
4.12,9.00612380079726
1.75,7.34949601997489
4.28,3.50032010157149
2.44,11.795231351453
2.51,13.7498123301033
2.97,8.70020002929203
36.3,14.0658423058931
5.04,13.0834794368537
0.52,2.00128826552583
63.66,12.3187946801402
75.71,7.70307877172069
59.01,11.9518959469801
28.61,6.26468168754478
28.9,7.88159617020812
95.93,2.80714882913522
27.24,9.72512658181379
58.25,10.1809375797346
43.58,12.509165383079
30.27,7.23323753562303
66.18,4.90751522058074
82.09,8.93883482867717
54.31,10.7835951612068
46.5,8.33261889177096
20.39,12.7104970379994
77.69,7.84959096123718
62.61,10.0022629771774
32.49,10.691472854726
48.04,9.73162326852922
26.28,11.053527977958
33.97,9.84353061981207
79.44,5.75424076540089
22.07,8.93833905143015
60.06,2.89988849810349
52.04,8.88997397725038
16.24,8.81873645960195
73.67,15.1129835150172
2.67,9.29070592899561
56.31,3.84016710115783
40.62,4.11649687983062
57.6,3.22444101285485
40.86,12.3378635922467
85.41,12.1384047876494
49.34,7.44959306028952
59.37,7.67146495087822
34.7,3.19263444966393
50.53,13.8721401323526
1.98,8.89014961386378
15.94,7.48010367285188
68.29,6.09553839324832
44.43,9.61411313239986
72.59,5.26663437274543
65.83,5.62115325062438
30.83,3.20350650904964
7.58,7.74158251177063
44.05,3.16493856293287
43.67,10.3216760308737
69.69,10.64702597478
73.22,8.3185225360265
47.14,3.14772136512443
50.05,7.65195233929607
58.07,10.240725673681
64.96,6.7835130804838
16.86,9.16894718214887
32.54,2.98928557854109
1.75,2.76636599872059
55.96,9.99152793371072
12.02,7.04254235811802
39.62,10.1002954826933
44.37,9.51985486516488
35.22,3.27101330415673
37.21,11.3414475756433
43.57,14.4526682067949
55.11,9.24881681618348
71.09,6.53037191900655
20.62,10.8360720083689
17.62,13.0697310981966
4.12,2.29883447643611
32.59,12.4071120258427
3.74,13.2638763235508
31.59,2.9663533096725
34.5,13.9116849989593
48.42,8.53744768864195
9.8,7.03526077593507
36.61,12.9888380376892
28.77,14.888379258182
77.24,5.76550355450532
33.26,11.0499346164884
33.74,8.8908241996459
42.24,9.11299945033839
8.34,7.06041516191629
46.6,8.70911093579686
50.16,3.41781342586799
57.34,11.0747618027234
7.12,5.43085340354802
46.09,12.0458026006828
30.32,8.35377883850408
54.64,13.0136932440588
49.75,8.29651964272996
21.38,6.33298162863843
46.24,3.87613372972225
42.74,3.43916979444964
7.12,10.6635155937781
73.54,5.96379389782851
42.15,8.97323351050777
39.96,10.6885581716559
11.33,6.98883550031623
84.69,8.93886201162356
39.76,10.4197212597788
70.85,8.90760265666146
57.66,3.38766434457544
9.72,12.857165908479
21,3.15693153592984
66.7,8.40568400444435
41.06,12.1730772817047
44.98,5.89846366793873
24.22,8.43462288586683
33.98,5.95759497709354
48.51,13.6641235882402
30.14,14.6562879913433
33.81,7.07355405972634
44.68,14.4042224995375
63.44,8.19436251300658
15.63,4.32188696125079
47.15,7.04542070006884
36.65,4.5899553010802
11.41,3.91598476688785
50.09,12.2794772735775
8.73,9.38485512152402
53.61,6.79078967861685
57.02,9.67892035812211
61.23,8.97008588981976
20.39,10.1983143330838
7.04,2.52668662700318
41.63,5.9180777777898
61.23,3.52313109476392
35.74,11.5233454277069
71.01,6.34865995906504
74.51,5.23478391680332
54.74,15.1834944174
16.4,4.50924084429378
65.42,8.03890933292178
28.74,11.4246720587035
14.17,8.78032497204753
5.27,12.2464129717498
8.8,8.22817824519998
34.65,8.99601902248449
47.63,7.01010451145203
12.02,3.38122613481539
47.37,7.78899643786043
45.63,14.500180829571
62.59,11.586978428963
40.89,8.03586732015141
31.41,10.7012423337541
72.05,4.6941903657801
74.05,14.5251864469302
50.75,10.4616853012759
63.68,7.13938513758378
70,8.55565364356806
46.27,9.70507362660089
67.21,5.35262543463122
34,8.50677634744512
10.41,5.6607658190902
37.02,9.57686463871816
60.67,6.94053188116137
32.81,8.8255422611911
30.9,7.79179864062344
69.32,7.40606568206108
28.48,12.1169040796414
52.07,5.27890796252597
0.75,4.30511084629918
25.22,11.9516843079727
60.48,14.6894534362599
46.32,2.72840129345219
49.3,7.70712893593795
51.11,5.40078255928825
16.47,14.2719878787528
54.73,6.59253161931584
35.62,8.54494594253681
37.54,14.5642839353064
47.73,12.5503685232629
43.64,13.6413591541833
32.16,2.64314001761759
48.51,13.9928090860577
15.78,6.74805911911653
59.06,10.0424037320799
85.2,12.9559795586427
56.89,3.89692220873211
62.72,12.4937618225331
0.98,2.99843305156417
2.97,11.1529884914002
3.05,13.5019078740903
4.35,2.13762177823302
2.21,11.6382794160967
4.74,12.5848472173609
3.66,7.96003994333003
4.58,12.7588484154386
4.28,1.96805119805099
1.36,11.8752111721465
6.6,8.7171530369185
71.82,11.724074385637
47.9,14.031127260827
29.31,12.3361583260337
31.79,6.2332491499299
7.67,7.7597976027747
26.12,14.0013112121501
77.64,6.61858182946916
40.95,7.79262802651581
58.96,14.6573731539414
29.91,4.44772358534819
59.83,13.4877817867143
38.75,9.33872247164593
59.35,14.4341462437995
59.7,10.077553600618
21.4,4.06429294455343
43.34,10.0029748533787
6.75,14.3645761398111
16.65,13.6428506556778
29.14,2.99306832197917
43.22,13.1205067838645
16.57,11.68614654901
58.13,13.4305560094749
75.95,12.689815552818
49.71,5.58755897656615
3.68,2.68260116164498
27.22,8.76427383329704
32.99,10.5403275950684
7.9,7.17089109926261
84.88,3.28231783204054
5.75,9.02522494290032
52.64,5.51627734615446
35.82,3.81840984513472
6.67,8.92691463998033
47.05,3.39765757925252
46.81,4.33562657659127
33.98,9.45535841089921
76.89,13.202210518692
24.93,9.66245438853937
26.85,4.90248538909662
22.71,8.95019144047925
1.53,2.42589092414011
47.19,10.974966919054
38.1,4.47278468130817
28.38,7.21780874468776
52.34,12.7764370907636
21.48,9.46734440416695
42.68,11.7117705010661
10.82,9.71842192460488
59.66,10.3840372007719
71.2,12.7666942339636
75.15,14.8073154608936
52.27,8.74823745115281
29.16,10.0178802870026
26.33,5.88587211825855
56.15,8.56371819836878
51.67,8.92573506194198
39.49,8.2640749184771
59.13,8.03772933062795
54.11,13.1118062714973
76.55,3.34652069801521
25.74,7.04276219272422
65.81,10.4697425989405
5.14,13.9651593093852
31.5,14.2040099034821
28.58,8.95276855893432
29.67,6.05189623493318
45.92,10.4362153504202
6.37,9.48121796469962
4.91,8.05082325983418
38.51,7.56182966813589
50.25,14.6324037910077
7.75,13.967227961152
33.86,3.28989394218067
43.81,5.02367866638664
56.48,14.7290865939487
30.41,12.0462880264685
3.68,9.06828586766896
2.92,3.47207207224417
61.25,5.10818215637196
53.66,8.67769590123118
52.98,14.2050952107029
28.57,13.6562156127635
54.12,8.49825098953098
39.2,6.00391513523146
8.36,3.57521886504069
45.18,8.61038418846926
21.86,11.9554365143913
44.58,8.63472812284836
70.69,12.4229688230491
51.94,14.0320301215123
60.56,14.7387221587322
45.84,7.8117695078997
61.7,8.95900706655282
64.08,14.5571902298731
4.6,10.2423466523993
11.97,3.92133043599088
50.8,14.3991197176202
56.66,12.6051415629698
54.57,5.3447429945326
39.47,6.33088322864391
66.97,14.9864714037579
41.98,7.45933060776568
58.7,7.45798216941261
58.02,6.56459391947401
31.06,7.16762789596366
43.74,10.9898991544957
53.44,11.5399912748649
65.82,13.2174031264146
48.89,9.9131205537478
79.88,7.04491765964173
75.24,9.72356923428764
11.81,6.60946519996675
44.82,9.25380097513241
27.79,12.3084757487718
29.39,10.9956897966457
29.2,5.57525114245883
12.27,6.1229102664449
4.91,7.85880598671266
11.2,7.90903806543865
52.73,10.4463258735666
52.03,9.62494371824703
18.03,7.59797018812141
57.34,12.903718157893
36.61,10.9581491710018
26.7,9.42401407842711
69.72,10.0460275459155
2.61,4.3749092445658
52.76,3.43258881562213
21.56,6.48666445293795
56.95,14.8598613148675
21.48,7.90450608144628
46.4,7.52160876758518
19.72,2.94741348403633
82.35,6.92468978079413
17.41,11.6445268381794
51.35,13.8396484043045
56.45,7.6287484845407
20.25,11.6633483771153
26.85,14.2601807792087
21.48,11.3432004648297
81.27,6.47674284239069
68.79,9.32709441148957
66.29,13.0252269589384
38,10.8195130021999
37.72,10.9994536808576
59.67,5.45908756705573
2.68,2.52956311095148
62.83,7.46162074318201
71.22,14.3706168127627
68.78,9.6785997286333
33.22,6.17301950435918
80.5,13.7634609477981
67.14,9.81226358313362
75.16,10.4681994452852
54.17,10.320530619799
67.74,8.69633348444193
37.92,8.45470610370557
2.45,2.56659442614954
24.62,14.3057617516266
44.99,5.43487003655999
50.4,6.35041558776366
82.88,12.8734089983938
59.25,5.11413310850439
59.57,15.1620093319573
49.43,7.82097692140962
36.5,11.1633433475696
75.93,9.99261078581272
75.55,10.0528608363167
48.5,10.3205566755559
58.76,11.5665560417768
28.46,14.2656033450621
27.88,9.26114776804351
29.11,7.35291966036717
62.14,10.0157798987084
27.81,6.66436741091976
56.42,13.6280256570458
62.8,11.9773722642077
33.68,10.5699103895331
15.11,3.81016544458205
8.75,7.91369247538705
28.75,11.4239859287224
1.23,14.0332048036399
28.34,11.0298084101327
55.09,5.63069523262211
55.29,5.49871761233741
2.76,8.31781717238515
4.22,12.8720881649263
4.37,7.706139186566
2.22,13.2841772718703
1.53,2.44375438896481
1.23,3.35909090722503
50.22,11.0915527511823
28.15,10.9278077962395
21.19,7.10149214416899
37.9,14.8575715897884
2.01,2.20441371670684
13.6,14.8983025178052
25.26,13.0643343154074
66.29,6.11324353570321
39.36,7.62723682145004
33.84,6.06144355923569
44.8,10.0836628937264
66.58,15.212950873364
42.82,10.0473614414679
47.37,14.98468398735
0.79,2.76012386076745
53.67,7.62796746606274
55.18,14.2803614183819
11.68,2.94864044106857
93.44,2.89571639300988
28.36,8.48775310680521
61.51,14.9607068209259
3.62,8.60750581551588
59.71,6.78126625844812
51.09,5.75203683828302
8.23,9.01628932481675
27.41,13.5201120140995
89.49,10.1353186271272
89.5,9.14049828233445
25.1,8.81881326426286
44.79,8.54749098751709
50.12,7.09891171771028
55.3,10.7884074154359
33.95,7.6714137913788
14.29,7.57948705726604
15.05,9.13613467899421
48.05,14.91808296315
3.7,12.0295053424143
20.65,11.0554502547544
63.05,7.69770689645849
21.42,14.1693796009652
27.02,9.84306591632213
46.86,12.0812792633597
34.69,4.13740566000417
55.89,9.72335197584615
4.93,7.76571294429346
25.41,11.9147653221755
62.46,8.81393942458313
59.72,14.7966335590048
49.99,7.45854089648783
18.51,2.88506047848449
12.06,5.89134883339459
28.06,6.39858884032664
42.91,5.64973353367931
30.3,2.79863455622068
36.17,14.572262449065
48.66,2.91199199662203
61.97,10.5275556502682
53.62,14.0568933294607
61.12,8.30311883171393
58.01,11.4141918505668
50.49,8.45842381098258
69.11,7.51941023278877
56.33,11.1158016412339
3.62,2.82122781805364
47.96,15.0073888927642
9.22,14.1975927192771
55.63,14.4614628913948
69.8,5.84172185596029
53.8,15.1677333567667
64.34,14.4792836066944
71.07,8.71457193658801
32.56,6.88954295464496
52.84,6.897709103714
70.91,10.7680014799077
44.89,6.41623981512753
53.37,11.6951600938746
47.99,14.1283773152892
26.64,6.15266019944529
52.71,14.4219887285364
5.16,12.1314391034336
53.25,12.1397889091281
50.36,3.77381441940295
6,10.8963385034696
2.4,2.30063242927315
19.5,8.53877061462859
56.7,12.5823009567101
40.14,10.4323977647389
63.59,7.21010551809877
62.11,3.15098194323713
28.87,2.9753391054293
41.9,6.82609835700596
59.19,7.85527772426256
12.98,14.8262670392216
38.03,13.1708651685204
73.61,6.48720530084525
52.31,11.8100750514377
5.62,10.9694896733964
28.9,8.83733248186087
46.53,4.44855775672864
50.06,10.6660949969401
45.58,9.87169931190896
58.74,15.1725775489248
6.54,9.5593215422569
49.16,10.2860827946141
29.04,9.36120095793193
57.86,10.6794395078674
6.69,12.1103785910841
71.19,6.76188559116216
33.58,10.5770614644405
73.75,5.1553132961081
41.73,7.62883990237529
20.73,13.1462558226716
53.12,11.9863453848803
7.08,12.7648346493318
72.34,11.8065023672039
35.48,9.63544490335925
53.54,5.76965084090556
17.43,6.69571285657332
13.29,5.79355004715364
29.18,14.8687727991629
71.84,10.9608343489261
7.08,13.5807909883538
37.53,14.7116197581989
41.48,13.6474094787949
59.03,14.0091622195726
11.91,6.31728354010125
48.16,13.5645769068116
61.4,14.3947897340072
62.48,8.91177354531959
56.22,3.4517817546701
32.4,13.0345091709606
50.65,3.99090371051509
61.89,12.7121334520421
28.26,4.96335612918598
28.21,14.053427175818
42.86,11.1341267625021
47.49,7.01815203734271
34.12,13.4220125620254
48.19,12.4292078216633
65.34,3.29397495332369
42.18,8.91950600270291
55.26,12.6430422184108
8.23,14.1519690480655
37.79,3.94224559046968
62.32,11.5085631853348
60.7,15.0690624414544
30.28,8.1595576210896
74.16,14.1154049074604
6.92,3.57597384389817
4.01,2.46422794929389
69.19,14.088611275776
42.36,13.951562738681
28.41,10.3883984039438
52.48,11.3337028216641
62.34,7.60973979390676
49.75,11.6676252488239
67.63,8.33089541133116
45.34,8.64922827389659
36,7.72843246855021
71.11,14.5778802562282
76.83,8.43538483187883
53.75,4.23568253138552
1.02,1.75202741260831
58.15,12.0566023532165
37.12,14.4826115847526
35.2,14.2265548375988
1.55,7.93173032410371
68.32,15.1613433292815
2.86,13.0163004510927
38.44,12.5009569244928
64.62,10.3740759270164
26.86,7.94517349872347
46.45,6.69113006312796
15.82,14.039770123744
56.89,8.06372957110106
33.99,10.8057854249629
55.87,14.444041674703
74.83,14.3070557847721
21.19,4.20524433834463
27.21,15.1019718760632
56.36,11.6828948722546
34.19,9.21618556456414
56.02,7.33504577496551
64.91,10.9932274515475
42.75,5.41820551004162
46.26,7.31657864633801
1.25,10.6194770340401
0.71,13.7157631710116
1.48,14.1525164186211
2.7,11.2638760596384
2.55,14.0533712793132
4.16,2.42917522863907
50.39,6.47248969636196
85.73,6.98069886090868
30.43,7.04377373743712
62.67,11.7331607887836
30.24,14.8652054567737
26.48,14.8120449348195
75.78,7.90598417573621
49.44,13.4627991610143
51.41,6.96190286022451
23.65,3.92223546664014
19.81,13.3012233083402
66.79,12.2031123802778
57.71,12.5173909183363
12.75,5.45333168285649
66.33,12.3346390053371
74.21,14.3802647921262
37.96,13.4300156340826
49.36,8.39517839866357
35.65,10.0202358230526
37.06,11.5506512915019
51.68,12.5950240850634
13.37,10.0248220427881
59.17,10.0681263327644
41.13,11.9325294031457
42.08,3.72104649787979
10.68,7.89839126051291
43.3,15.1972858897661
45.81,14.9405625925311
14.13,11.6530890137349
31.3,6.03878944881772
39.47,14.1943223428306
5.01,11.3048837554593
66.77,10.3808945474674
31.89,14.2003674123468
23.49,14.6810226226445
7.23,8.72130602011804
49.2,7.44509660207704
30.74,7.74417335715208
46.78,11.258223160169
49.03,4.37681535906561
14.98,14.7378397731698
59.76,3.0263986419426
40.68,11.6338905983301
8.38,4.10352794541534
43.7,3.42780474883829
46.69,4.43737707228065
72.5,13.1394824985772
4.62,11.1253143383297
13.37,4.57379423119327
39.55,9.10310094273212
15.21,8.94530693027444
3.01,11.836287269272
50.82,7.75775203415362
74.67,8.23626755215589
19.43,7.24902451432928
58.92,7.95226793027348
29.29,11.256137451884
53.1,14.1516251760374
73.63,14.4173641348908
9.15,13.1941441970225
61.2,8.42996297191628
56.22,10.9210671845861
40.61,6.10841336807908
27.83,12.8433556793391
50.77,13.9522657374439
9.68,12.9802360400705
29.19,13.8655995025987
1.71,13.9743787501344
22.5,5.09129235742695
50.35,7.0427106609024
67.47,11.462605325178
64.81,14.9014809139794
49.56,11.9771317469514
1.71,2.54067401875224
55.87,8.71321067273433
43.07,15.1847357314051
79.4,6.88793103504849
76.16,11.9675167954779
54.46,13.2107989936824
46.79,12.5891895970394
63.25,7.42092057615506
58.24,13.2103083377111
28.54,8.20850715071374
52.5,14.6617533270439
69.39,3.10067957950249
13.75,4.59856518502689
18.2,11.0557394078005
40.5,9.70840441515144
37.01,6.68141680756429
40.3,10.058300696331
6.62,9.51940266926547
38.22,9.10637947499753
2.63,8.69016606954045
45.92,5.4007811487518
75.82,12.1184760959126
55.75,14.0755478966203
70.69,11.7406468961894
39.89,6.62585474783641
51.97,9.06251065115061
40.87,14.421860316924
32.96,5.9779845218792
49.66,11.7695601212493
61.08,11.5336090969851
24.95,9.91824270085345
19.27,14.8647687792979
79.61,14.353505650759
20.58,14.2165500240086
37.46,14.7656492281157
49.29,8.57891160788758
36.66,14.2521918862645
70.45,15.1153333814884
13.6,6.25518555354257
14.82,13.015497185092
57.87,12.2180276691573
2.17,13.8341821636193
63.15,12.7143281367339
53.32,4.62747741673408
70.89,9.89883262039387
19.66,11.205273153056
44.77,14.8150385554812
7.69,12.3626618345333
57.38,10.6869667792023
51.81,8.38930705071502
69.45,14.7406535541546
58,7.76734557215461
82.98,9.73949102241798
26.2,2.9242564622177
6,8.793659513208
57.69,14.5219878334893
68.49,10.8178623378228
10.61,7.2868867825415
54.8,7.50403404817388
3.93,10.9594909700673
6.85,8.3058504384986
60.08,7.99173369495472
16.36,13.0175890010759
66.31,9.43932722664601
20.27,9.38149980713707
37.63,7.62113139281353
6,10.3136775891921
80.72,10.2860258936848
58.66,8.3830692510651
58.83,9.90019134797313
16.67,10.836742492296
51.34,8.02471855499119
50.35,11.1891604281531
47.03,5.63651513272972
30.73,9.0351002199616
0.94,2.34395840116061
0.71,2.33549570126611
17.51,10.5201477549038
1.09,12.3202066109614
33.74,14.2625036621795
57.27,11.6560367578566
52.21,10.466351034248
47.85,6.35674141354928
27.37,3.34482884860193
3.62,10.0006559842451
43.51,8.07077476709198
77.5,7.17308478095075
1.63,2.03162980059254
54.77,8.87588011895108
21.58,12.5544957695962
75.27,10.4728916910762
40.87,14.6381297113249
5.47,7.82223189553106
11.53,8.7453828550883
45.46,12.965225733586
26.63,7.56231271266674
57.78,13.1356731473908
78.26,7.98362483354507
19.58,14.65758480368
35.11,12.3961493281372
50.9,4.27873931432947
57.05,11.9078167495589
32.06,14.9741892893601
75.94,7.64851249684433
52.56,11.1133771567021
61.28,15.0618888733525
48.01,10.2082989314654
55.57,8.86668526861017
35.34,14.7377075513745
52.19,12.1965403071125
40.69,10.0813343094024
42.47,9.38861585688463
47.85,10.0920998002186
1.17,13.5808191396557
49.35,12.4916805031003
0.94,10.0513768653721
3.39,10.1786198060296
3.62,14.2464259473796
4.47,2.54162919681714
93.91,13.8022327799671
50.35,10.4453207139421
68.9,14.8349394853615
47.16,13.6733045783643
85.44,15.1215280661386
23.21,13.1241446916478
26.32,14.0475797377208
44.21,5.56018286631357
64.02,9.57629448909191
50.61,11.4441828417309
59.75,5.14875275720491
70.73,13.8010867343836
29.16,10.8705877257018
26.58,11.9748788451094
25.28,3.97639368371298
42.38,10.5127103501957
78.86,12.49433093927
45.95,3.88541258605031
8.86,2.91916409588576
26.6,11.6740582260175
64.07,13.0379352414101
20.67,8.77306938032172
83.48,11.8533928292815
74.81,11.4385332748704
39.84,7.43684180641252
24.36,8.4608781650265
48.39,10.849433951382
49.07,12.9976248537392
65.93,9.46304375682801
27.25,6.64653499109165
53.55,14.7834187210844
52.48,14.3714201453217
0.96,2.40363402531947
47.3,13.2858359779279
26.37,10.2844512086532
46.76,11.2620703978867
57.58,10.7594934144112
46.32,11.5682233017044
63.56,13.8266206106998
61.42,10.4084496666512
46.41,9.03824290355759
68.42,5.51682027590072
41.14,12.3316544721942
45.49,9.28537327994468
75.91,14.8843466417728
77.39,10.1774854025694
15.84,12.6950414914923
47.23,12.5061260130188
13.31,11.7360497826617
41.39,10.7178769849833
59.89,6.73188002945457
35.12,11.0741503712191
41.05,14.6106959975781
18.76,13.9961282526782
71.86,7.54341392646427
36.29,11.0999830769613
80.75,3.95192853092249
37.98,14.2385388726115
42.37,9.76199363022413
4.64,10.6475791605302
64.31,15.0426383322816
71.23,6.29515096780412
27.3,8.78549164608822
69.95,10.0081407372022
5.25,2.77883079738566
42.64,6.09408980102649
66.79,10.5760537578629
22.98,6.64581223298929
86.66,4.68134306242899
60.98,14.8441361696771
56.34,7.80382278563477
70,5.26911014624863
40.48,10.4053113116478
57.27,11.3242512308704
59.18,4.00579289274097
23.82,8.33711303668936
33.36,9.15148509914429
20.52,14.3688252560508
63.95,14.8796986208195
1.27,4.21058250871242
14.92,5.65969134629438
50.52,3.93327584301304
66.42,4.51747379627255
17.61,14.3046619838133
47.21,10.8470050248966
24.66,10.8205794114414
38.01,6.04655416903604
33.52,14.811441792506
12.08,12.3900607488651
26.67,12.8737169306303
26.09,2.87477878827469
66.87,10.7180872774624
61.3,12.6064365931993
32.12,9.33712726117865
23.13,12.3550570725069
53.6,14.5231819026884
36.75,11.8387799214463
43.73,10.8241068565476
59.55,14.5979092650211
42.43,10.5626367363484
56.42,6.77997156481644
34.65,4.66134836623244
60.66,14.4614938276802
9.17,6.72895431638789
51.7,12.0348693575945
20.6,9.90264901386143
76.66,15.1845919348617
1.65,2.58613416294927
79.04,10.0027559413103
73.31,12.5599552280458
48.51,10.2698002693971
57.23,15.316984855916
48.52,14.2586148896242
26.67,10.5901420126451
48.32,11.798707181876
41.52,9.86652916642308
61.12,9.75276080272101
20.44,7.63665491700316
73.73,12.1222111739763
54.07,6.01615765836631
50.89,12.8403741432222
24.13,7.66971182524369
38.25,14.388580304218
31.32,9.7909365665653
33.47,11.7905058600096
59.28,14.7067303653992
5.79,7.73551378441115
83.97,9.7548820244946
69.71,7.53021432787275
54.05,15.0687297511563
42.54,9.57317417533059
43.41,12.9029741729487
85.6,5.21073673857041
62.86,4.84505652057718
67.62,10.2576213994501
54.34,4.20959302671492
10.93,2.73887080875015
31.97,10.1757210740606
43.03,10.5006345565918
63.27,9.15210239547119
51.85,14.9006629166965
19.75,15.1368391285813
38.65,3.80657921171005
45.67,8.95324327056217
66.26,8.1516899182643
65.36,14.4889688215067
8.71,10.5069484239167
55.73,5.08976492007798
33.05,5.14356999055179
43.94,11.6214574675362
42.72,12.3622886698982
3.57,13.4547431810516
71.1,10.7078691152053
28.5,6.75988571431924
49.33,14.3234789249413
58.52,3.1024205756471
82.91,10.3473762906231
37.9,3.73630821056177
3.72,5.20188451737753
19.91,14.2957651161315
2.65,5.85900928016556
46.17,5.02482546340526
78.97,12.0149245402527
76.52,14.3873333786187
58.26,8.75061965387649
20.29,13.6639278457753
38.37,6.64632395088748
39.71,10.8001990502577
39.44,11.6939131693149
15.3,12.2583168329802
52.38,4.51633467932085
17.84,11.731540795513
25.74,5.45357460613461
53.76,12.567543404304
12.24,14.5779347918719
33.26,14.611782651089
5.56,11.2480697285926
1.19,2.14140871278401
1.73,2.35481412528843
7.86,13.1311623901982
6.71,12.693245667159
5.18,8.47130531484345
4.18,14.376869208429
2.26,2.17512675945907
4.72,3.64558117256905
9.4,13.2410047707992
8.17,9.21267064232373
4.26,2.0265530862712
1.19,14.0496300637561
0.81,12.6436400080268
2.49,3.46784097605287
0.65,13.9582483801139
28.88,3.65333129478561
32.28,8.29476678045821
62.38,9.45300469220491
69.27,11.7851619023988
60.59,13.1896076478674
43.95,14.9969296470277
86.12,7.87834228279684
30.24,14.4122846341361
64.73,12.8461345907162
46.11,10.5591895701768
47.01,7.68566234204834
71.73,15.4347687493992
7.42,8.66259449312588
77.39,12.6804458074956
55.39,14.2835582199484
39.67,11.6676166909985
14.79,12.0779928367079
31.29,13.6861415691035
33.5,6.80395948375977
1.52,6.01902348270101
64.26,12.7924518888337
33.42,10.3274214187825
46.55,15.6039560931548
65.73,6.8433694614349
66.53,10.4193492656486
2.13,2.74365362084271
46.66,3.95548109009808
50.24,8.97061113007982
40.29,15.1237646684971
69.19,4.9102140376789
57.85,10.6864668001337
34.55,15.4536383411449
65.13,10.6892789955256
53.55,7.19098681231001
23.84,12.6755804271368
13.25,10.5099720863309
48.48,4.07100670760669
5.12,13.3728934269239
6.96,5.18780091407208
37.79,15.3430643401521
56.2,11.2676850226735
52.2,12.5094909766592
36.09,14.4395587433172
77.89,11.386383361752
37.51,14.9829540548822
26.79,8.16483457268816
35.69,14.7893073786633
25.53,12.2925360628574
52.68,13.1979107778919
15.78,14.3349121831486
49.43,6.86192193833698
9.03,9.39745259645595
29.53,5.74092583540363
32.92,5.38985478758642
59.2,14.9121165874798
4.35,4.38850661829571
34.57,10.3523411491884
46.61,10.275242624052
52.38,9.17063098957379
82.34,5.43365944767664
14.48,12.9131081872276
24.99,5.54357617833041
42.33,13.9888347773085
53.61,9.82963115052792
39.21,11.1747499669474
33.26,15.3022418673517
51.91,15.0300058414227
30.5,9.79323137601794
34.81,15.0452803101998
24.45,12.2114674296297
75.96,5.11140535113991
82.14,3.91562274148509
82.29,11.2753367569024
70.87,9.74369857625479
76.76,8.16927839196013
44.42,15.805523841598
28.16,6.47735749874165
37.14,13.6579426376019
64.08,6.0757902854262
37.28,3.62373160834991
44.2,12.2063926901914
35.76,14.9877696339434
32.5,7.78551821282152
63.15,9.1671517079366
67.27,11.4419041285447
44.46,15.2196694708679
23.22,6.84873969635493
55.14,10.2371965561385
4.12,4.81190550194681
46.48,7.78728802175299
55.02,9.14273904442973
71.49,13.9537903875028
31.67,11.3429113106815
15.48,11.2722223260136
41.23,10.6259011530802
80.61,11.0580866234505
26.46,13.3227438822063
70.38,7.30543875004681
15.71,13.454904966294
32.62,15.0647651340904
48.97,13.5432415728596
62.04,3.5036650294091
4.66,6.10057695222042
55.39,14.6877527578877
5.66,10.0370987332216
61.31,9.31547473971279
2.21,7.54003266180353
59.44,14.5591784373503
25.83,4.08361193681607
54.4,14.0103522930036
70.13,8.22911932886168
5.12,8.14333028643038
80.13,9.78155343304471
39.96,6.87499953020993
3.82,13.046566479751
65.64,12.9392933391313
14.17,12.1123431396948
16.7,5.71379762030374
77.46,13.4479925922854
29.75,15.1201453903038
54.22,15.0543583674947
1.9,13.6405555532405
74.78,3.34357103036074
42.39,6.29441505201195
18.16,8.83886208076543
24.38,13.7828383562932
23.15,15.2219564638185
59.24,9.79854904243856
58.84,13.2343068230295
51.96,12.9600061406451
2.51,8.61011539737126
5.81,8.68948372883931
29.39,6.65968326116696
0.67,2.2680183203335
44.43,11.4030546000727
37.87,8.89989121225597
21.08,13.847415845883
75,9.29264800301146
32.45,10.331268264324
51.48,12.1590291750673
19.85,10.7588554736183
73.61,7.29275625130757
33.71,10.5703088108464
48.8,10.640128171131
51.56,13.1484827186715
15.71,5.53744798464056
52.34,8.22327925538804
29.97,8.00197216696229
63.73,15.805523841598
1.52,2.11283490676628
45.48,9.42840498914175
27.72,10.4208725529686
72.81,7.18005011560586
1.28,2.29968315149356
46.17,9.59082930730787
48.09,11.81547601901
9.49,12.8160395701418
18.24,5.31758270716502
28.37,7.21846441121821
50.76,9.99556006428258
33.54,7.4717220085016
59.92,7.93457482528803
56.14,6.94155336379587
8.19,10.7286525445298
46.42,9.52058053241894
6.96,13.2470735000735
49.32,9.76875224814446
35.99,3.7924107161822
62.7,11.978386111757
42.66,7.42743748140824
50.52,14.5987692727492
70.9,9.91308115197047
4.12,10.3415217496438
67.02,7.44090997923861
5.27,7.78451140091822
35.36,7.51581124467497
36.34,12.4264784194758
57.81,5.38328655117332
48.29,5.47244311639111
65.5,10.7677476266805
41.02,14.5842600614395
37.99,5.97856116614184
68.63,14.6817256833804
43.96,14.8373331576908
76.05,3.79329106930213
60.22,12.9109535037801
1.9,7.7109387351633
45.57,10.0388535201908
60.42,11.0766871218397
2.28,5.68941301109257
1.98,2.00393854158853
3.36,2.44104997837908
33.54,10.3932546357702
79.88,13.6138852372128
74.98,15.3503961286422
12.95,12.6201204867882
64.45,6.57597055278244
57.61,11.416351904628
74.93,11.7257031581458
68.83,10.0141680271703
37.89,6.77324413734149
0.98,9.23397587301296
42.94,11.3660031106655
45.58,10.4101898849754
51.5,12.9639192167015
40.15,12.8912204874522
47.41,8.20477786087893
76.98,15.3582074645506
30.13,5.38421328750421
29.75,14.6059901382243
17.62,9.93612611244711
69.83,14.1919248763798
13.33,10.4773750651095
64.95,8.74827000284476
74.02,12.0017933049349
51.95,15.4129696721494
42.72,15.1730131406913
11.56,8.67893823330994
34.81,11.3242944307495
69.32,13.9168529831117
52.68,15.056360315129
35.29,5.43068168104468
52.28,11.9677606046096
71.42,10.5768744706937
59.85,15.1917879935529
48.68,11.0424002358177
7.65,7.04973116883877
13.48,4.21675716914518
31.43,13.1205830559162
35.41,7.68366213059105
55.98,15.6104322500098
4.89,13.9098728675967
87.2,12.4018859786963
49.97,11.252109887336
23.22,10.2421044777381
57.42,7.34207028465149
2.13,3.06884400551285
67.95,13.540616937803
4.81,12.0765727078861
60.58,10.7967639616897
50.6,7.65487759815281
24.45,11.7403224665213
13.56,14.9947224055834
52.23,14.2782178790506
45.98,9.78691808016143
89.43,15.5740201137698
59.24,12.9103957851116
6.35,12.1589224051691
22.99,8.05449418177744
29.85,6.38252902621172
18.47,15.1017978353529
35.6,8.26846310748691
46.75,15.22128188677
3.97,10.7039528798272
41.96,4.74125896627592
51.99,8.0155423093718
45.67,4.21669723338965
21.46,8.10324678473089
80.42,8.37544824831707
59.86,15.5359674331063
25.37,7.79304637787864
52.58,11.363283290011
42.61,6.12533261424895
6.04,11.9358165407442
74.53,12.2097708141406
36.2,14.6175055450605
4.12,13.576394529654
6.5,14.0284938797349
69.7,13.5377551763981
43.82,15.2329640717085
15.55,13.5147955802113
25.6,8.63868011366039
27.66,15.5229349503495
39.63,10.3032854394553
57.22,13.6891093595715
71.86,15.805523841598
22.69,15.1997325937579
80.52,9.18742710263867
62.62,14.3292839132889
33.33,4.7701029710054
39.92,4.48774463415542
50.6,14.7552283026672
50.95,9.57629377171537
38.6,3.21116720148928
49.34,14.9907276473359
0.75,14.2377486976108
56.55,8.88637388267349
15.71,3.03209105027268
18.78,7.4608406422511
5.5,9.7137304974019
46.49,7.34659274251032
16.86,13.4653896362621
5.43,13.9840679415709
66.71,11.5692217555768
23.38,10.1282631298343
79.68,8.46301082822553
52.03,9.96897011807844
33.48,12.535590520692
78.91,15.2504778862309
38.86,15.2785967988595
44.04,15.7501172047524
65.33,3.2714247432304
6.88,2.65763627469501
53.92,15.4879965541325
19.31,14.3530912367476
24.07,14.665489634408
0.82,14.1210905277032
74.41,14.8833244413164
28.92,9.65420511698575
7.5,11.4279610006687
31.4,6.55689983569819
55.2,13.0211062773232
66.41,6.24709081445152
6.81,14.8398478482504
60.37,14.8841403389478
47.06,13.5287110125034
53.3,9.54652354505494
38.63,7.95866242435844
52.1,3.36880130643157
47.14,8.66850148539455
31.58,11.6565974518428
47.53,15.6241242349804
2.9,14.4481751060545
62.91,6.78444745021565
28.45,2.69705329921454
29.21,8.08292790003674
80.72,12.7040780861438
2.67,14.1975544041182
38.91,15.3759695029861
18.39,12.295447483101
31.38,12.6955107529187
76.6,15.0208789508116
38.07,14.3519505635675
7.12,11.1831115536514
6.42,14.7556937739012
34.78,7.72329387904043
19.31,10.4041403146555
36.97,7.28234728762379
16.63,9.13991009135754
21.38,8.59497253390152
73.56,12.1821455238799
33.89,14.1684344659222
12.25,8.12403576345636
27.68,10.0185696998686
17.85,14.9762644659956
54.09,14.0248611167696
30.72,14.8557342093601
43.85,8.2627765959215
13.79,14.9733376373019
4.97,7.17010275215878
18.62,9.30052269544977
41.93,14.493133970139
61.69,15.0565440809981
16.32,11.2923452382346
31.99,11.5745943348494
49.31,15.5470960837273
37.94,14.8507316100667
68.42,15.1825962390506
31.21,6.13861937419856
58.34,14.0334681335916
12.41,10.7642695822479
60.85,13.2427037329903
51.84,14.8346161161152
45.52,10.8887302700233
3.97,14.2821658127694
52.35,13.9589787046183
43.17,3.24890645788175
59.92,12.1317108216466
31.1,15.2729926425309
39.89,15.4986755405193
71.72,15.102094434878
46.8,11.5992731581348
60.06,15.002677619308
41.29,15.0038776639169
82.53,15.344880156054
74.24,14.8047475385355
28.93,10.0641222719358
56.81,10.3832411057739
65.87,14.441169084247
4.28,12.7666674323753
3.13,4.9534621197362
2.21,14.2467480104341
2.21,14.868443427835
4.28,9.52007580086904
34.2,13.7881115719294
56.53,15.6324661987693
13.12,12.797164627321
75.08,14.9352005766156
94.61,12.238693409334
9.9,9.2760089991936
72.15,15.7322717007724
41.31,11.7110206652636
4.68,12.3555700708536
46.99,7.254137534223
27.6,12.0837357010783
29.23,11.7974156657316
14.5,14.4135839869165
15.96,11.8336485717496
31.9,8.80291324389235
31.91,12.2018102736491
35.83,8.01516725723171
66.71,9.31086601974288
49.56,10.0822695386558
53.27,15.2899887497231
46.85,8.32438675124954
54.7,4.35305308393732
29.88,14.6716386946253
38.14,15.0427259144804
59.57,9.64064889202324
11.58,13.6323587606514
2.07,9.3571584731047
56.48,8.2433360081899
32.86,15.721813432413
36.05,10.363721560913
67.74,9.36074644691224
26.66,12.9014951839363
15.96,10.351789797315
59.95,15.805523841598
73.04,14.8423069667096
14.27,13.7372536024184
10.82,13.0682685065073
31.39,11.2638195902183
49.48,11.8866296900796
52.21,10.8167960521141
65.83,15.1523005063679
47.42,10.5725327704746
9.82,11.8708786419366
72.38,10.0250181972657
34.23,12.7996131301022
36.26,15.0584958627538
41.1,2.52352519459968
60.52,10.5047001967798
61.99,14.8580371181519
29.82,9.6757631702904
51.19,10.6063343853297
31.46,6.82965776328971
50.94,8.02057184643246
38.06,8.14597004001652
72.08,13.6748023135851
30.73,14.627397467909
60.48,7.66002305376423
20.18,14.5873322551855
28.29,10.4764068957146
15.04,12.1123067480554
52.49,9.20442340591831
62.67,10.6938519709537
4.3,14.434433902227
46.77,13.3842747224477
64.47,15.4637986014743
27.04,9.95249789509517
55.18,7.78079654265781
20.48,8.6001552107376
0.54,14.2079383802127
18.72,14.8202936247173
65.07,6.16308271487189
51.31,11.3697518756552
34.45,9.86441013065919
25.08,6.48925949560473
49.56,8.78994866200162
36.13,10.7920225462249
18.79,8.99506010301227
51.58,14.9065395890923
42.78,10.4670241380569
35.62,9.74387122617397
44.23,14.8283730377149
50.98,15.5151414057188
39.78,6.58310214921426
9.82,9.55101775963385
72.77,10.6086275747459
38.66,11.8117015206467
59.41,14.5916754437225
8.28,13.6077280994646
1.46,2.92447883523774
53.18,9.94926320333787
58.61,11.9948043093221
51.47,13.9909715612579
19.48,14.9873718720205
24.7,12.113511287299
49.71,12.7298923087742
29.76,7.28269577233312
22.94,8.07421227510808
34.8,9.35734343418042
41.03,14.4327680999346
25.08,15.1949202690374
34.48,6.79726179661512
31.66,5.65721063893633
11.81,10.8744697706356
2.07,12.6802291113567
37.6,3.06318624372758
76.45,14.0341833262058
20.41,9.48051739165615
1.84,13.8296956675498
27.52,11.3161189394437
45.43,8.51826792725239
26.01,14.8017107684493
75.22,15.805523841598
1.84,9.55869075206148
11.28,7.62070172377006
27.96,13.1619211134803
53.61,8.03467676433171
54.42,15.190208321681
80.3,9.1719749988013
62.37,8.98403141353168
34.69,9.09602673091263
7.67,8.98507048557019
67.52,10.7651340243702
45.81,11.7575219788261
52.63,10.6803310791006
8.28,6.74126968749381
13.88,12.454546346896
48.41,14.6139027868855
19.02,4.4240959074048
13.27,13.4350763855797
21.48,14.2739430138954
54.34,12.1657784560848
72.32,15.4374488207584
44.25,14.0889484364946
86.83,10.4498129411127
80.99,10.0249247364582
23.47,6.63473168680443
46.95,10.0767366375638
59.33,12.2199120193529
32.48,11.2488137731489
74.02,10.3902930674139
10.28,14.6179673440647
61.26,12.5733205430928
9.13,10.0598298858338
75.9,11.5501380201088
34.75,3.12730907639178
10.66,14.7916883264511
39.68,15.6568062197124
51.12,9.56225153886669
54.81,14.4550215147293
39.63,13.2639699186366
77.79,9.81574685444721
7.52,11.8216847906779
82.22,15.6003695657022
41.51,6.11059155000986
26.39,11.4738201733514
2.68,10.0541324312243
46.34,9.97791104513617
53.77,8.76570276034888
5.6,12.687329003859
52.9,13.0325666000881
47.28,15.3011040611364
48.9,15.0066847268768
32.56,14.831830416561
56.81,5.19552649867896
49.81,15.5739057639882
49.14,13.7512586620944
44.66,15.7177827225969
17.57,13.8160696161454
5.68,13.9513474398662
23.4,11.9457091501249
16.49,9.57148174485679
45.95,10.8215739894659
4.37,12.1855477956669
4.6,6.32508937922436
84.29,7.98583550885621
47.39,14.3617258786885
62.47,12.8549968224459
18.18,14.8282583533877
68.01,14.8898390360043
3.91,11.7576647646384
18.33,14.7801127924072
61.33,8.22884910300584
26.59,12.8707155720306
39.7,14.3737985873558
41.95,11.3597406217931
61.66,9.24861524192399
9.13,9.76136061306686
4.45,10.135775313263
1.07,14.1603069615653
4.76,12.9147111199322
1.61,2.41274981447707
3.38,10.2101639995901
59.32,11.5420748646675
47.75,15.1103689891743
3.09,10.9073020898453
57.28,10.736632200025
77.92,13.01223316472
70.52,12.6182187336699
49.97,15.0755746089542
32.76,14.0219135854881
25.1,7.02081519704099
45.92,14.3456811561386
13.98,11.5881039071413
30.19,10.9325175819967
65.33,11.7006929789294
42.61,13.3510383229397
28.71,3.81348356369847
4.7,5.87639958209494
87.89,13.0647808717802
43.18,13.1025918468911
17.36,7.47674031214428
45.05,14.3407921164981
19.5,10.6961522817813
32.96,14.327683109408
30.81,8.79970786138998
58.88,12.3983105563498
49.56,11.3545120779881
58.93,5.14511317640773
67.33,14.0630489181828
4.08,13.5747783567851
42.34,3.41901567753029
32.81,8.92582071362667
1.17,14.348881836581
50.33,8.28089017887875
33.8,12.8765778955189
46.82,14.539025265061
30.73,15.1096884885714
60.16,13.2561516137804
62.62,10.2340177877532
68.3,14.4768993657939
47.95,10.7247951000102
39.18,7.43591530101387
49.71,15.805523841598
50.64,12.7095237755448
15.52,5.19900146110747
60.11,15.1498206923579
1.48,12.2316870373885
23.26,7.47515019250147
65.65,14.5031256699177
49.94,8.38635339547176
55.2,12.9132261952414
51.49,11.9095497775962
53.62,15.0105219398986
39.5,9.75070864510051
34.54,8.22876429440201
57.12,8.77769285294426
57.1,13.5039185709212
14.9,14.7012615238476
15.36,14.667939771392
26.02,11.5430628120261
51.59,12.2099283682011
75.74,5.27023731175964
8.76,11.7110876140413
20.96,14.2446133911797
64.49,6.30398134273784
41.65,13.1802361045685
41.3,8.67820814419584
71.62,15.1927638747066
30.17,11.8911902721497
68.2,15.2024209771799
26.25,11.3481588753545
42.72,13.1591272242549
49.28,12.8156752934096
49.73,13.907273271449
26.02,13.6012777623411
41.06,11.1820494814806
0.63,12.4219009639894
80.23,8.16947487117347
72.86,13.6385693213894
52.69,14.5042678533781
58.08,13.5983156213729
5.08,11.9135859300361
26.93,8.87325398293971
71.13,13.896151872178
17.59,13.5009778157285
24.03,8.40751389187692
1.63,11.0877404884668
50.91,15.4207297388065
53.51,12.3506192723876
6.77,14.4275825331915
64.64,13.3345856138523
60.35,8.61551660872825
5.77,9.77875778926302
76.13,11.5744288418922
37.07,9.13618226626973
13.6,4.55295115647031
54.36,14.4936568991635
71.27,15.3711474734633
83.42,12.5166377446195
1.02,4.49142102827697
79.95,8.80919219336493
8.15,10.4959552317995
15.13,12.1194289531593
17.28,11.127603711439
35.1,11.2503509910917
46.46,12.5533815370496
72.51,15.4721223374405
44.38,15.4484378528592
39.81,11.6803667892326
59.23,12.3759805964319
28.67,15.6215135207701
2.24,2.35773551954847
1.17,9.11801866847672
2.4,9.53855648660817
23.57,10.0217453769724
62.4,12.0818574333076
37.08,7.4825477507981
4.78,14.0071784091105
42.47,10.7356233018025
56.27,9.67800342722806
43.54,6.77889002931821
32.18,15.2620565387598
22.8,10.6629727404709
2.7,9.61078212971373
47.86,12.5464645417931
58.91,13.5940749430132
23.03,14.0062252254978
37.83,13.7737860929263
67.81,11.376816574334
100.33,9.97526244670421
80.71,15.303725731333
31.23,10.2828589687246
50.51,7.24150615808778
76.5,10.0196072321692
23.88,15.0922304423988
47.34,12.7396100945908
7.84,8.42765001803251
54.68,9.81279850554996
73.72,5.60440170227833
37.21,11.4320442128712
84.28,12.0806655227599
69.57,9.09787667116949
12.14,10.632447082037
62.1,11.0766839843918
88.03,7.82308224416814
20.5,7.29622933660087
36.43,10.8066667609013
65.77,15.5724332571616
34.4,11.3135686897934
19.89,13.8272295102413
31.45,15.0916395956345
56.59,11.0992606967414
26.93,6.77957907660325
65.44,7.34349680472679
1.32,14.8225214908382
41.67,14.5138321668071
18.2,7.42922712169764
4.01,3.21572783128998
22.27,11.5550820990909
76.36,15.805523841598
8.38,6.32075160201099
18.74,14.6884816140978
22.27,7.37147618157856
74.88,9.81390789654457
53.11,12.4799729903831
52.03,9.60128712544573
1.71,4.50005615650778
46.02,15.805523841598
78.72,14.474088785128
10.84,15.068622370812
13.06,6.86439368052429
77.49,10.6803787265738
71.81,3.14051083763533
38.04,9.84950774965111
27.17,8.26560571049731
17.13,14.9943811405507
4.93,10.3011425679352
13.9,12.1226099826361
41.66,15.2575952724899
16.51,14.9855078226731
47.3,15.3448441075276
71.12,6.37068335382702
25.1,13.1490664205429
56.62,11.2226589885377
75.08,7.88434974538319
37.53,7.27432650808533
81.27,9.75478861510188
55.94,10.1526382078522
6.39,9.99159779694859
67.76,11.0388825396744
27.91,14.8043271865981
9.3,10.7207064278567
9.68,6.93228012446705
7.92,10.4016307610666
69.27,9.68629503061312
17.05,12.3844355891941
69.46,13.9562500220185
61.33,12.9398603516755
80.22,8.6697752247118
57.3,6.29539758292387
37.19,14.1353970874917
35.65,5.40704235714104
33.35,11.6491153777676
56.73,4.05844247286659
7.61,7.29741841692399
3.55,3.02020747991356
69.27,10.1211168196702
24.57,9.48846117069598
49.12,14.7176838497589
67.53,10.4986568242656
2.32,9.11232967796196
65.3,13.1494665896664
51.1,13.8124897922247
2.78,12.2257371114459
71.33,15.0913398602189
62.49,14.887822508011
76.22,10.8344866404321
43.69,14.3375038209151
31.61,15.2939032692246
6.46,14.7392404342915
34.74,15.4583100226592
30.33,13.4754447557575
71.67,10.8574321056364
2.4,4.60156454657888
53.18,7.66503185956966
65.48,9.58696570771739
31.04,9.67817501562953
51.76,13.0686255330884
74.47,11.1999216630088
41.35,9.52832562681733
39.53,8.7682706551977
67.47,15.3937966777325
33.07,5.58964219412482
51.15,4.75189617631345
29.2,8.52248309205757
15.44,11.6620959735839
35.14,15.0019491877507
80.55,3.27361302631547
53.56,12.5346171073324
2.78,10.4045273596084
21.04,13.9396166565232
55.48,8.43423191439918
88.4,14.6468687374013
23.03,11.0316426774295
49.78,10.1662898784955
44.49,14.9520153581343
4.16,13.9744399620848
37.81,6.60421979139245
68.55,14.7258774818783
52.09,9.8694424328399
62.85,12.8164214179589
55.78,9.79173715027597
22.04,8.94897413208202
50.19,15.4572874255061
85.07,4.21247766728278
72.56,14.1741709957768
41.08,6.34374647021611
15.59,11.8219050544997
9.38,7.3899606137162
71.62,14.0770325040293
26.91,8.43845090818609
47.79,13.1680964110322
10.22,4.16255624087922
36.08,11.5939490183517
56.28,9.8413432144282
53.69,12.3087638915833
74,15.6581341975858
80.78,10.8572180329585
30.54,8.73516399051848
33.62,11.2130941553023
51,6.13727124986116
24.8,5.19422705031765
14.82,8.3818983557635
14.36,13.760275133996
35.41,6.55581395278702
14.82,15.1036395000881
67.96,7.40763060150323
38.43,13.0284371302361
40.33,9.7826230582227
60.46,11.212146411487
6.54,14.9577244342722
3.39,12.7316924690882
2.93,11.3008040373077
53.19,9.06340963895386
48.27,14.3842347127268
23.88,7.64675497183268
59.7,14.9286315293366
32.33,4.3803090627877
23.03,13.8706377066418
41.09,13.2951156503243
50.04,8.16393232579851
52.94,12.7650005486803
1.02,9.2186857556877
65.05,3.53605083111765
63.97,11.4369841145176
5.62,8.70310561398843
68.51,15.0660980572023
6.69,14.2043032390186
31.19,11.3914506518135
64.89,11.8337944653385
64.43,12.1324742455265
72.48,11.4167617104476
7.23,4.77628118745857
50.44,12.4657798112185
11.45,14.2207545080258
2.17,9.20625367828472
31.75,10.5576304712463
20.19,9.57694218656761
27.71,12.4363861056073
78.88,8.76066141153322
30.93,14.7549559522564
72.9,15.2751345650945
28.06,3.13099242634924
51.77,6.94503415546071
57.28,6.77757400347146
1.32,2.16772755177529
4.78,12.7960255778276
8.07,11.4127422619858
68.34,6.54616825904869
52.16,12.9380451018925
28.26,12.312955499072
46.7,5.47140843692257
44.12,15.2776056864511
66.13,13.4710396083169
42.02,5.38514151361391
67.15,14.1814039770887
48.54,14.8715860156244
49.33,15.3910722665432
31.93,8.82971723047693
40.14,10.6420300642734
70.52,11.9341393886891
47.96,9.75263798242992
8,11.1924652367387
55.19,13.0965799554419
4.32,12.9025488647328
58.13,13.0507803383194
65.84,15.5856080423794
51.96,11.0605216255826
54.43,10.8667931424026
61.58,10.2007063551584
65.87,7.25609804880607
44.74,6.41594579658494
2.4,9.91979092444175
76.14,10.3595060350998
33.9,14.3051796603839
52.12,7.81263306411116
29.76,13.6618685458526
44.75,11.6468015232991
6.77,10.2859212017642
12.45,8.3745264184486
62.53,6.79928607332701
35.98,5.02381797351916
35.72,15.2811972944281
68.54,10.3096449519716
90.55,10.5547134244917
4.01,8.66742426575992
60.56,9.4221116598159
4.47,13.4714480698778
8.84,11.7623780806063
59.32,4.87811857484908
55.77,14.6099476192286
26.98,13.1523248510109
71.47,15.0192738365727
66.1,10.7432176046086
69.06,12.3412128394931
2.09,2.66223686656976
10.53,14.2464788853952
62.66,10.10369815209
66.89,3.13204682506733
62.02,11.759959268854
52.41,13.7243404640065
36.88,7.82950045701527
17.13,15.088919940807
15.82,14.7521889760664
29.28,15.5621043561329
19.81,11.6718950116601
34.16,13.5414730679142
90.59,15.4838607266601
67.93,12.7283034566494
35.82,13.9710873220635
77.88,15.5414917632263
17.82,8.4596646357997
49.34,13.7363731756707
42.66,12.9694401271552
55.85,10.4015630928545
29.39,13.1704260182018
54.36,13.042932399726
32.61,8.69671654629287
51.92,7.42654381231684
68.01,9.10802902275303
46.11,8.27086003732039
10.32,4.13240872275186
14.54,7.79847980217543
11.08,13.1215181434505
11.85,12.4484804680809
36.43,9.77843300486359
68.53,9.59459517095157
12.85,6.9479662697423
1.11,1.70958941089831
21.36,11.9041273091143
29.3,12.2863227373997
35.31,9.77709584139928
13.39,10.3837880961839
75.45,12.1266794392646
34.72,12.2431081742876
45.32,7.20303648484708
67.89,9.51509484125249
61.88,14.0721897991913
50.82,6.40528283006157
39.98,12.955898473714
57.45,15.2117827621463
93.29,11.2116106828912
64.58,14.7977280552732
56.04,13.4083026723189
38.62,9.88413793759013
41.85,15.408636305092
82.51,14.6725125630704
51.02,10.9866287766177
24.36,14.3627948415936
10.47,10.7220135391085
72.08,8.43644674326291
53.18,13.1381445602353
53.08,3.25098047537776
61.95,12.4476091584511
44.95,12.0435669770608
84.24,9.65212668606261
6.79,6.80651935456599
60.91,11.6650734187541
16.68,14.6635088407455
20.98,4.53855100777593
50.66,15.510347989873
54.97,9.73872158761386
39.9,15.0560398750188
86.63,13.442597509355
7.17,13.9101560380658
73.77,11.5456655950625
54.53,10.1234082503105
20.21,12.1605899643946
31.94,13.1776061224373
55.5,6.97305428629353
77.26,9.57267613464771
50.14,9.28860078048739
85.65,9.05418556784345
33.68,11.0287449210389
5.79,13.4820445429542
49.27,8.05751805699145
36.01,10.5843309630547
34.86,6.10731413940662
34.22,11.1380463147183
45.01,10.936600915958
66.94,9.72776666902703
34,13.8502266173017
5.1,3.31467675396558
74.14,10.992974822846
37.52,9.51911131692298
11.47,5.19707434582297
73.67,14.8577962576181
41.09,11.2379703727568
23.9,10.5839526018469
85.6,11.5302279000114
3.26,10.5812943762498
1.96,8.9133514906371
78.76,11.3060908952664
76.32,13.702683497115
61.48,8.79222351533398
48.93,9.10607393450847
57.69,12.1774475182564
58.36,11.5940170963591
4.79,11.7104505513825
22.98,8.55915750784672
39.2,5.54623099446619
45.49,10.8086595646867
60.2,10.2734475799774
50.68,7.58143068482359
81.43,12.7138775890491
47.7,9.29822374996755
76.14,14.6341755456074
72.43,10.0454750144642
75.93,6.53161091649661
70.35,8.1218327765401
79.42,15.3660992704492
47.03,9.90300680498366
2.42,12.3194251665429
53.7,13.2858523594372
50.13,12.6756420903384
37.07,9.62262200342737
55.13,4.94499593640635
31.62,12.1843019286456
24.43,9.26071686020955
71.76,12.0875449093019
67.53,7.35484374293067
2.65,4.7825377893887
70.05,6.94211249628297
50.93,9.36728215382723
41.82,12.4189568265103
54.03,9.83005807085146
70.04,14.4840150940293
61.46,15.2594232608458
69.04,7.95923748725829
57.77,10.3132458225051
39.28,11.0152604756117
21.52,2.91141630694885
18.91,13.542716208825
44.21,11.2895894686288
77.65,12.4507257406243
48.21,9.91990704445461
36.33,11.015763547484
61.65,15.1469737506491
36.64,12.1914587259589
34.44,13.7269591202534
20.52,9.74556622587933
59.32,9.47747090886556
18.14,7.58265610820169
74.54,15.0696170656236
32.27,14.4917081910565
48.32,7.9250796486773
50.05,13.0668860625291
60.49,13.3421101901149
24.66,12.4167499615238
42.2,11.1371869539352
40.82,8.62448692375928
76.41,14.2152919171633
16.38,12.1034253879732
80.43,11.0977039243992
30.47,11.7072472146448
40.12,11.9662325505146
52.58,10.3417316146262
69.88,9.96218161834579
9.24,14.1025362231731
20.14,9.58785250085342
49.69,10.3606126928643
63.74,11.6559955809323
84.96,15.1680670526884
40.03,8.14340279368068
83.11,11.2123536997927
32.11,11.800024394515
48.41,6.14591450446216
14.84,11.9149673281809
68.79,11.2296132865343
52.61,7.66352609411765
6.48,14.5203868694055
61.52,15.1695630137017
35.24,9.89153215988887
47.08,9.24623829270389
40.58,10.4401414597846
73.58,4.97697818388482
44.49,12.3217418015207
48.97,15.6962007102997
75.96,11.4945612550808
46.08,13.7271822295713
1.88,14.5180078274696
55.55,13.9505501663939
52.68,6.02011341140175
55.94,15.7879004861069
53.07,11.4282189993421
4.79,10.4714494537862
2.95,7.78975315141035
75.01,15.793845745469
18.68,12.2970118947488
35.82,9.23680743851397
15.38,8.05910784599115
56.4,8.09261342937168
40.4,8.48120312546045
41.05,9.02490829479777
16.22,10.4727053085029
6.33,2.59203526482609
2.03,8.85500690541221
4.33,13.3065594073068
7.63,14.5980879125701
6.94,7.19169926278244
1.65,8.90707554739688
8.4,11.2737543466321
0.58,2.37471606577027
1.04,4.45147914761615
3.8,10.6854107720954
4.79,6.42504437147693
1.65,8.68844382768822
9.63,5.77347527171929
46.01,9.71045767595979
46.64,5.95406388034778
34.47,15.6126459501247
47.83,8.11045895900846
81.7,11.1684005676108
14.48,9.85201095303788
5.2,11.4346501542676
8.34,7.27385303574502
40.09,12.54862778562
11.95,13.0979402473567
37.9,13.7471877096805
1.59,1.84934400655928
49.34,11.6022927162846
74.99,9.32606120719831
34.81,11.0062887963278
55.24,14.2978687975844
57.39,9.56367107335377
67.62,4.21043964252094
75.49,13.1750492511225
57.64,13.5179273487748
36.63,10.8888053297518
72.06,8.59211125701346
45,3.34707740454275
28.94,5.38968291932241
56.71,10.8077321852811
11.79,13.9491412549228
49.21,12.2917464261348
9.49,10.0249455479249
54.52,8.28732813599591
41.26,5.01843239641107
29.35,11.7515373537019
61.17,10.3049899148138
10.64,11.7186855583856
28.19,6.37331847192475
56.95,13.9262023125168
22.84,5.65016961571311
37.93,14.2241110401751
43.4,15.5321593493316
38.05,6.5471686645277
80.77,4.18878231472591
2.28,4.65075132981109
46.03,12.6937534495615
3.36,9.95368787538881
18.16,11.9148851974105
92.96,2.85851874632143
40.58,7.48944547858524
37.9,12.2678556668526
1.21,7.81465447345022
21.54,14.1682133785343
45.71,12.441666405402
51.55,12.8031145641081
42.32,14.4844321343982
44.64,11.1405320062412
29.37,9.86297032929929
9.8,9.81266127890432
20.39,6.75945333949045
29.7,12.9057327877504
22.53,12.0185630901737
63.49,13.1945550406661
19.93,11.0199966520702
66.09,11.2762875564722
43.08,11.5816138372742
1.67,12.926442647922
61.54,12.9342961765838
5.12,9.88468278745879
9.19,8.40818486690388
51.34,13.4742466021028
59.33,8.71155233291747
19.39,13.631356405428
32.12,15.1650718754982
60.47,12.980073760164
48.56,14.5116742395606
40.19,9.95529926657997
75.19,11.0583850225409
49.02,11.8390411821871
30.35,9.39131201578009
45.95,9.43175830825186
3.66,2.62403886737811
1.05,3.8047842008217
44.98,7.90235707908841
42.75,13.4396635641099
21.46,10.3391361655545
29.67,8.09397105570582
48.55,9.65502777839377
62.98,10.8631219186073
58.7,4.68441354806172
56.01,15.0219392802569
59.04,15.1539217359879
43.04,9.01577689944049
57.26,9.81116321670468
45.99,14.5539498347809
27.42,7.5082792569971
45.68,9.48920333846659
47.43,11.9248334523665
57.06,12.9822281116569
1.44,9.77847374266223
23.45,11.8516424568368
44.75,12.3125949948679
1.52,2.55744760075552
38.31,6.92186507728179
31.36,10.4974203689128
30.31,4.32778028568878
43.76,13.8601867361634
28.99,12.7799553681814
53.96,12.0354540880019
59.63,9.14547157363267
4.66,10.9854020890577
59.79,13.3323837664224
63.45,12.9204433328958
56.59,10.7743073568086
49.52,10.9023378242886
61.36,8.5828778984972
65.33,10.9322473072921
61.47,7.17847301315157
35.91,13.9381200297797
0.82,6.56181545696932
47.67,8.75597968754875
73.53,15.4986069326888
42.49,9.5648027473858
70.06,10.7686981079492
50.71,12.398356300907
86.33,12.0913922806326
27.77,14.6206362237108
67.01,10.3476205717563
28.4,9.68507039202695
14.79,9.94057628294223
49.97,10.8355621405422
17.78,6.69101219235323
36.71,7.11540994574214
11.79,11.457285534117
50.93,11.2435682739273
62.68,15.4538957733084
17.32,10.2047553264791
27.49,5.53265135438493
28.94,14.1737224324773
2.13,10.7985942237699
73.31,12.9167956103113
47.76,11.0583670318584
63.85,7.55215214391352
40.46,9.26826660479876
42.89,11.2219449599612
14.48,11.9372968592093
17.16,10.1627262438528
68.29,11.2601617080191
55.58,12.4826982079231
79.19,11.5268713520211
3.59,2.52688333278003
24.22,6.06561734313534
1.52,10.9634238992362
30.24,13.5619905372127
30.25,13.955714055672
60.42,12.0607711557134
54.09,6.4103164669727
28.46,8.79120345619257
72.23,9.63208661930586
43.9,6.67592509939181
13.48,14.9864630190451
24.91,5.38223436046112
33.95,15.016443895416
59.64,11.7487136124529
62.24,11.3859594910846
32.67,12.0397461228231
45.22,15.1624302189118
74.63,10.4787960309057
50.24,15.4173927343618
56,8.57675232784284
37.72,11.6216274711361
42.57,9.69548882284218
33.16,9.35884997369434
29.51,9.11656984729294
13.18,6.80622159123872
14.17,15.2513458437599
84.97,13.5621192250224
31.67,15.0661074461355
21.46,9.7571480426287
35.53,12.6957448333333
72.67,10.5986707772323
32.77,9.10238215316325
28.75,10.544425630094
2.28,2.51186516334503
41.61,10.8895780649775
49.3,14.9552425787077
36.73,9.57317107411924
8.11,12.2844908286307
48.44,8.84098207192848
12.72,9.11666738888454
7.58,14.2571002917019
3.82,11.1840404813101
3.59,9.43918650203401
9.34,6.02063583156674
7.58,4.53474629445863
5.12,11.5037966981009
73.57,11.6806978141662
59.31,10.8375377614187
13.48,9.13768107340682
3.66,12.6433150265688
43.66,11.3609855225967
56.48,11.2789888316022
10.34,10.9171308908833
67.15,14.2697477446705
41.14,9.07070689812446
30.27,13.3603321055441
52.83,14.997976926099
69.8,8.69183752213268
34.48,11.1553680281963
47.42,13.0507168310737
32.95,12.7492240968338
30.17,14.615584487132
83.23,4.46838502056285
48.67,10.4417279112691
28,5.947621051841
5.73,3.17078043398511
78.32,9.50808862986163
2.9,4.02006863724388
8.88,8.66087054556842
29.72,7.72185355116621
41.6,10.8453699846047
47.6,6.51683931653263
35.97,11.1759289594185
26.45,13.2402100943477
13.94,2.72540232720054
62.7,8.88900824105923
33.93,10.3753745945093
77.62,12.9331661076803
52.49,15.780126085864
32.7,4.02351031012893
0.59,4.03957755855421
34.73,9.82469869522265
89.51,3.07458854587121
69.04,8.48426073972454
45,9.93671728142246
40.19,12.2083957120771
30.14,14.8962210337039
49.91,7.75126688875542
33.82,11.5614129677891
56.52,12.4558898909891
8.5,9.7236336669506
11.33,10.5692817721863
34.52,4.16275720837943
8.19,10.8758149615124
20.77,9.15301822468841
16.17,11.8374008542914
36.76,13.4581856440131
43.06,7.18773276728762
19.77,10.1004287438812
0.9,3.09866698501761
27.21,15.3514230672226
43.1,9.14559072513648
36.3,10.6690238320753
49.74,9.67054809432801
75.86,11.5536784363319
57.64,10.686196682808
15.71,7.50908328424917
70.34,9.68667666700889
56.41,11.7989938991538
46.29,12.2498537292382
46.13,15.5809971446065
45.51,11.2261203970635
5.89,5.94320321616243
4.28,9.92696366705121
63.39,6.11557736431534
75.05,13.2445290748325
64.98,11.9567735213381
59.69,10.0796259266795
6.58,4.67753222151596
41.83,13.8868283220291
15.4,11.2756999712063
52.92,14.7885356666156
52.15,12.429476357315
53.7,3.62491070491079
43.58,12.1318429417422
27.67,10.4236993915803
68.02,10.6787257691577
21,13.5071692736507
3.36,14.3779822425886
48.21,10.2269437990633
57.87,13.7740941472056
8.42,7.64268658558809
47.46,10.6442628770258
38.4,7.25856876121456
32.49,9.03538357577324
24.99,10.5386795051683
56.33,15.0124779920367
53.17,9.50834062185163
46.41,13.3636808919231
5.81,10.5186536839129
63.87,4.50410040137048
47.93,5.86710238106541
58.11,13.1780658251967
80.65,12.1840497136056
43.01,5.77435438762148
5.04,12.2907022280735
29.06,11.9058494026418
81.57,15.1959723766365
61.92,9.87483966185749
11.95,6.99022102577059
36.25,5.70201368871423
36.25,9.91627865048418
1.67,12.9248675724002
66.98,6.30656170191116
52.51,9.45680716327914
26.22,2.88992272576542
35.61,11.8937482171536
70.54,9.83492131088346
51.84,12.2339115996224
2.44,2.41409947247744
41.09,9.20390127274272
64.08,9.78065036108764
54.78,11.4094403054915
40.94,6.09745859564802
18.16,7.05727917556487
57.4,10.8927870518654
3.82,12.513339218311
58.56,9.44527996358676
60.56,8.70467290384147
63.46,11.6892300421453
57.91,8.44086930969528
22.92,6.46707302563767
56.06,13.2320967103408
63.95,14.4011138968173
6.19,7.66634874820145
53.68,12.7424117791616
28.28,9.91107972370336
58.93,11.9404096462535
32.44,10.0947272341486
52.23,3.26742368486206
75.34,11.6445432925621
62.65,9.8688131956313
10.72,14.2477811710123
3.2,11.5307015503993
58.67,6.86265181941807
20.39,7.05587721962274
55.36,12.9503561940905
39.42,13.7587488607865
30.91,13.3159807597646
75.32,10.2228969199282
70.46,9.91876848603894
67,8.86326428476132
51.07,9.25611850065283
47.86,8.71344460751167
55.65,13.3791055132297
71.12,11.8840220923419
38.16,10.021684213131
37.35,12.2262086022811
36.1,10.8684101378901
54.37,8.1006581534155
48.64,8.16578237083289
47.74,10.9876587928329
10.03,9.68335602646477
28.35,4.34529498341134
54.01,12.8179336336654
45.81,8.36193912629182
24.61,5.45367124015165
16.24,2.57238101811578
46.31,11.2859847440577
67.56,8.94329919334384
38.01,12.6769614444741
33.14,10.9307207862903
30.34,14.1275625616579
27.4,13.7560300100742
36.62,10.2723201284427
73.73,5.48751290923957
60.22,14.6524867155591
10.64,11.9620743637524
65.77,12.2406012329747
52.67,6.61297711355911
20.46,12.1457972942168
16.17,10.6446383481788
58.67,4.98046253489179
45.95,12.7026623220144
29.31,8.4940357245948
10.34,10.5132761863524
55.28,14.9560572822931
72.18,7.97881655169658
14.63,14.668591128843
48.5,8.63682520262421
5.2,9.14992369692755
3.05,2.62185229525259
2.28,11.824665820873
2.36,4.2087433974543
1.44,4.07704791978603
0.59,1.94130673466224
4.2,2.21152638306431
1.05,2.22707484171597
3.15,11.4879693634006
63.55,9.67487071966416
11.51,12.6955459386852
61.36,8.39396390197751
29.7,12.4404723065112
63.74,10.4749336030018
30.75,15.7596162830579
36.78,12.8431512221492
19.48,15.0352905138354
55.74,4.51528856604414
47.73,13.1107130597256
48.44,8.54477823330599
28.89,12.015392418149
68.18,12.2534922685764
48.91,10.363901226809
66.53,13.5700133508611
9.51,9.04722403822103
10.89,7.40567951641744
50.09,13.8222765569265
41.93,2.93049124645624
31.48,10.5319421611571
79.78,12.7471109279678
19.48,10.2854243076017
50.65,3.19314363658951
32.06,9.7809042571176
40.81,12.4819738398131
1.99,12.8207678702358
6.14,11.4582155491371
38.84,8.1664460251199
52.87,13.0974936937569
14.65,3.38148731261941
45.95,14.4660961441424
50.05,12.8522556920031
44.4,10.1127037346661
8.13,10.693654448692
48.58,9.81527676783401
32.78,10.9396322800671
60.53,7.78227069565176
83.86,11.0279970361966
80.87,10.138890568296
73.11,9.55875286642805
52.04,6.31749822073544
83.3,14.876091607561
52.61,10.6167519544009
63.44,10.1560138604587
56.19,10.9724964725995
35.92,11.4300366545904
35.96,10.0120354854388
6.83,10.1182828863414
48.27,15.1679544206851
32.61,13.7549895776842
61.68,15.3024857642892
3.22,2.18725885447131
25.16,9.81771824650979
53.31,13.9770376592007
31.59,6.34157776387432
13.73,9.11052309658852
3.99,11.9887115877373
28.79,5.86739128261548
80.78,12.5741072202228
70.43,6.37272159811674
62.73,11.1280697552783
68.91,7.48432796574368
65.3,11.0059335005375
52.06,11.1587140655366
89.92,13.6412326317082
77.72,15.805523841598
51.71,13.1107798220006
44.19,11.1957980755069
6.06,10.7067253508404
63.87,10.0040782007311
59.65,11.5073055835327
54.7,10.7066521957893
57.37,8.3553426578231
27.6,11.2965740955521
29.92,13.0878957003883
34.18,13.0525233329709
44.32,5.94355175976135
4.68,13.8927078543762
15.42,2.73703445801067
36.13,6.32950504725138
4.22,11.580545412479
67.55,10.6880595327802
13.58,8.43999872459941
20.71,5.35752209846645
29.46,15.1352480985207
51.95,8.68846939265636
83.59,7.78837917873655
61.02,10.8323110963797
83.52,13.3732068648965
59.99,10.2774361852777
40.93,12.5445358036187
33.41,6.45750194097589
28.35,4.90344150910039
59.04,10.5236292944803
68.89,8.63617617323997
26.08,12.1833220383148
39.19,11.0245959426865
25.78,7.50780485998914
65.82,6.10765032915588
33.12,2.80820798944783
64.48,8.95150394146449
31.97,11.7948011145642
12.43,15.099721527839
60.16,12.2365568829447
52.19,10.5626677870471
11.97,11.3648900517388
17.8,10.7273956824753
58.28,13.1862024525769
51.74,7.99980552630136
29.84,11.0299725929797
33.42,14.0983247660554
73.23,12.1379894723176
30.55,13.6224555164234
43.84,11.6922541741982
38.89,5.93057772847186
47.58,12.3825710961679
42.67,13.1300408501281
68.82,14.3443429451033
6.29,13.5056807111486
54.75,12.252803081351
9.51,8.28647484691121
61.36,9.56025265982755
24.7,8.78128952432239
8.05,9.17503957266802
78.2,9.42490832473523
41.34,12.7796433950299
18.95,14.9875138295839
59.59,6.51577222757615
63.04,7.93596445328904
13.27,13.4405938846089
59.65,10.1100391774908
59.68,14.3550111468031
60.25,10.1436396343843
64.69,13.4301079984107
75.28,8.65980709861632
5.22,9.94580774414861
62.28,3.33550811488152
38.82,9.00844387571672
29.31,9.31652151115325
29.78,8.60076429761915
22.71,9.89451374475979
75.26,11.6523372644074
70.16,12.9621856049917
53.81,13.3726558179501
44,7.87381660774135
58.04,10.8288193617082
35.48,14.5113441849683
24.01,11.5471959481844
41.25,13.69240616533
0.54,1.50904912363883
77.85,15.5031704197347
13.96,10.2934507375855
43.49,12.4051043438209
17.64,5.01360107264823
30.89,8.20102760933049
83.24,10.9339533882264
25.55,7.69571477537122
65.83,9.12399783661085
24.7,11.1647591928835
30.11,8.63226634180643
2.3,11.9912524247327
16.03,15.0823133193011
51.93,13.1577495775331
51.2,11.249451837015
55.14,8.99230046828976
12.96,8.03644689656235
22.71,3.50712533670085
36.48,9.50066648143697
16.8,12.0031867384358
72.49,12.9722022352572
46.57,6.62924860465638
49.33,9.29981113723382
17.49,12.1733195010438
50.22,5.943271062036
70.49,11.4364331051441
49.95,14.6991970184318
42.56,11.1738767983431
50.33,13.3951369586992
29.01,9.5062237557478
34.3,7.17189885007102
1.07,3.61794886723105
1.76,2.84978658483287
7.82,8.99721182332907
5.52,11.9799830046611
1.15,4.42173766403405
2.15,9.77327954904866
4.3,8.94527283430241
1.92,2.3171275674958
2.22,12.8534782652583
3.99,12.823660741757
0.69,2.53234915198056
46,11.7773087543724
47.83,14.1853860150267
47.49,11.593635123782
53.19,11.74809891301
52.37,12.7275000978497
61.63,7.95647446785926
36.84,11.0157069968574
74.16,15.3323569992273
58.37,12.4150099998782
68.46,14.1460171924646
10.07,10.7917058401352
35.78,12.791101274678
1.48,2.47084203792752
19.58,7.94068294214838
53.33,11.9362387225026
30.41,11.2655692140885
74.45,11.3226010138936
25.87,11.1584562119775
59.86,11.1319444352569
65.51,8.82268205106805
49.2,14.8004735678636
47.67,6.78992122172694
30.29,12.6216787706412
37.78,4.23210876060302
37.3,11.4288908097955
71.49,9.27004698075661
2.86,7.35844185922498
48.29,11.7842352927089
52.41,6.66532112511742
29.86,9.00794373284363
4.93,10.5703839287839
65,12.8139267232785
49.29,10.2371487043909
46.73,11.2229376716362
60.53,3.23220098138371
36.69,9.49432324006311
15.44,7.57303197364891
40.86,10.0413560760543
23.8,12.3979804518164
37.54,14.6103483243117
10.99,5.07119377033532
42.37,7.91012301108033
19.43,15.5051726771797
32.8,10.2433444585745
35.2,6.25023546154968
5.16,9.42538977906192
40.23,7.42793645911263
50.46,10.5881480928313
56.29,9.13698378901095
38.28,12.40643964059
28.32,8.5994308149159
45.35,12.7605737531551
62.54,14.5915191457078
68.83,10.1407601893799
60.41,13.1040787116632
36.26,10.573003943911
30.04,14.9770567837008
62.94,10.3669541804259
45,8.96306758697624
72.45,11.0109535593902
64.2,15.2228690607687
26.18,9.79284653938017
35.16,4.65795394249064
33.46,11.2052642347906
2.55,12.456191871975
4.16,10.0316690176404
67.58,14.9076095980607
70.76,8.45959874453617
74.97,15.7879461959082
17.2,7.27287090740675
45.57,11.4879986228686
3.16,11.6546655944683
47.83,10.3912242315304
47.15,10.4528461283402
43.47,11.370983604532
67.09,12.0493382432281
53.77,8.31735476532275
79.99,14.3244656141232
51.21,7.94693787199902
11.07,12.6427451468523
35.32,10.5629850805162
45.93,15.761345416698
31.16,9.34032423137054
30.92,13.6476947901924
23.8,10.454035130686
2.32,2.82885135072269
51.9,8.44520996282295
5.16,12.1586774742253
73.38,12.6913621936792
48.22,14.8739821645277
25.87,10.4859081276691
52.5,4.74046683317386
10.53,9.76441270020176
21.73,14.4433444136515
15.9,8.09346799827237
62.89,9.60819258026179
71.47,10.4390684117646
30.9,7.22208452311321
64.66,11.296851608469
66.82,10.489074315013
13.9,5.26935168200839
33.97,9.3104902723364
19.43,10.61296528772
28.69,8.80553028003055
62.31,9.35666092919249
56.98,10.0702368285625
36.04,12.6159983065047
40,10.5252828623458
43.11,7.79420438016065
2.32,5.44358153336666
39.02,11.8063809634335
56.81,12.4699942458509
13.67,13.0536298416765
58.57,11.8423786505952
58.55,12.7087524438697
71.43,7.70590243871974
24.95,10.6677190651377
10.99,14.5697564633944
31.27,8.12847453169343
36.73,10.5650883415792
70.71,9.5438797785893
76.87,14.6761049091785
28.84,9.67582456255242
70.58,12.9684735204693
56.01,9.74450397638749
57.6,3.32031315815123
38.9,9.39769332037796
29.97,5.57742767582538
33.13,9.38587026397162
60.5,10.3978370342869
47.68,9.41914070843365
5.39,13.4549001108978
48.4,10.5055242390584
28.93,9.11085226099795
57.45,10.0815929577101
47.56,14.7811635487562
17.97,13.3297284651904
51.99,6.95327774102592
19.27,7.00804136151928
61.65,9.71754899073691
11.3,11.9089519583645
51.11,11.7470409219955
10.91,7.17317148974341
35.13,14.0429347699357
6.92,7.20495958405845
6.23,7.8902651796003
66.99,10.8504145649413
44.4,10.7599196788988
11.53,12.8749243675795
30.42,2.79795737719632
70.3,11.4364236419066
31.43,2.73986938029321
3.62,8.98642253988767
6.85,8.02152757441181
40.39,9.93850331500686
17.97,9.56455431017727
28.75,9.97506419875635
61.54,13.9829867642624
56.19,9.7049938094165
47.37,10.9704210769096
51.68,9.26957011400019
71.79,6.15157195332012
88.79,10.9046622748341
72.53,9.84705920271101
32.41,3.08419566875497
32.33,13.2274494984798
57.32,12.2162486992585
52.48,6.45241388121196
28.5,5.04854213439736
33.31,10.0106326264433
47.02,10.2088537440061
37,11.9019285647882
53.79,14.209546632146
24.8,7.06014333088617
22.96,11.1097996648286
21.96,9.52039582356692
54.84,8.62753235494872
57.72,12.8150098336112
32.4,3.60898275433968
6,3.76771744316239
2.86,15.0401959930253
4.24,8.94744945614799
4.16,8.37481636047768
5.93,11.0559496499448
2.86,10.0878513184121
7.23,8.46751479692187
9.68,9.64007447968067
5.08,13.6841023833728
0.79,3.23128928883509
3.24,11.5368282322576
0.94,2.79671890019236
3.24,14.7502016991714
